1961,4.06
1962,5.84
1963,6.34
1964,7.22
1965,6.35
1966,7.17
1967,7.24
1968,7.42
1969,7.53
1970,8.15
1971,8.45
1972,8.75
1973,9.48
1974,8.56
1975,8.78
1976,9.48
1977,9.84
1978,10.32
1979,10.65
1980,10.73
1981,10.94
1982,10.19
1983,11.2
1984,11.92
1985,11.46
1986,12.2
1987,13.12
1988,12.53
1989,13.34
1990,13.5
1991,14.28
1992,14.71
1993,15.04
1994,14.78
1995,15.32
1996,15.46
1997,15.99
1998,16.42
1999,16.79
2000,17.06
2001,17.89
2002,17.26
2003,16.77
2004,17.97
2005,18.44
2006,17.03
2007,17.67
2008,17.12
2009,17.66
2010,19.08
2011,19.19
2012,19.26
2013,18.61
