1961,4.8
1962,4.66
1963,4.67
1964,5.31
1965,6.31
1966,5.91
1967,7.36
1968,8.28
1969,8.56
1970,9.47
1971,11.36
1972,11.99
1973,11.58
1974,13.79
1975,13.29
1976,14.18
1977,15.04
1978,16.71
1979,18.21
1980,20.76
1981,19.79
1982,18.67
1983,20.32
1984,19.08
1985,21.78
1986,22.15
1987,23.09
1988,23.15
1989,23.31
1990,23.97
1991,23.85
1992,25.01
1993,25.75
1994,26.57
1995,26.16
1996,26.76
1997,30.86
1998,32.55
1999,30.82
2000,32.37
2001,31.62
2002,33.68
2003,34.61
2004,34.39
2005,36.92
2006,37.56
2007,39.04
2008,37.28
2009,38.25
2010,40.13
2011,45.26
2012,45.58
2013,46.12