1965,52.16
1966,48.43
1967,43.42
1968,45.14
1969,46.49
1970,44.12
1971,45.11
1972,46.31
1973,48.12
1974,40.83
1975,70.99
1976,78.47
1977,78.75
1978,80.94
1979,62.15
1980,52.57
1981,51.63
1982,56.35
1983,48.45
1984,47.66
1985,47.88
1986,45.99
1987,46.18
1988,43.77
1989,45.8
1990,46.56
1991,44.53
1992,43.3
1993,42.02
1994,42.01
1995,40.85
1996,42.09
1997,36.76
1998,39.13
1999,42.19
2000,39.2
2001,42.32
2002,38.81
2003,45.51
2004,36.95
2005,42.39
2006,35.49
2007,43.2
2008,37.81
2009,38.51
2010,37.25
2011,41.37
2012,35.51
2013,33.86