1961,18.22
1962,20.16
1963,19.76
1964,19.32
1965,18.5
1966,19.64
1967,20.41
1968,21.08
1969,21.69
1970,22.35
1971,22.24
1972,22.06
1973,22.69
1974,25.21
1975,24.87
1976,25.73
1977,23.97
1978,25.3
1979,24.82
1980,26.11
1981,25.68
1982,24.42
1983,23.77
1984,23.6
1985,21.12
1986,22.47
1987,21.92
1988,21.42
1989,21.84
1990,21.75
1991,23.45
1992,24.97
1993,23.1
1994,21.93
1995,20.18
1996,21.86
1997,20.15
1998,19.91
1999,18.19
2000,19.49
2001,18.66
2002,18.89
2003,18.62
2004,18.24
2005,17.82
2006,18.19
2007,17.83
2008,17.85
2009,17.35
2010,17.41
2011,17.3
2012,17.43
2013,17.14