1961,36.64
1962,36.83
1963,38.08
1964,40.66
1965,43.14
1966,42.47
1967,42.63
1968,43.19
1969,42.56
1970,41.17
1971,42.8
1972,42.88
1973,42.77
1974,44.17
1975,49.69
1976,52.6
1977,50.09
1978,46.6
1979,40.4
1980,40.26
1981,41.53
1982,41.24
1983,41.01
1984,39.25
1985,39.54
1986,39.66
1987,37.49
1988,37.63
1989,36.99
1990,35.76
1991,34.99
1992,34.08
1993,32.53
1994,33.19
1995,33.36
1996,33.17
1997,33.39
1998,33.88
1999,34.62
2000,34.02
2001,32.74
2002,32.74
2003,34.59
2004,33.16
2005,32.39
2006,32.27
2007,32.79
2008,31.27
2009,30.8
2010,29.79
2011,29.33
2012,30.51
2013,30.25