1961,13.85
1962,13.87
1963,14.91
1964,15.73
1965,16.39
1966,17.73
1967,18.27
1968,17.85
1969,19.44
1970,20.43
1971,19.58
1972,19.83
1973,20.2
1974,19.76
1975,18.39
1976,19.45
1977,20.01
1978,20.52
1979,21.9
1980,22.08
1981,21.88
1982,21.97
1983,22.08
1984,22.81
1985,24.34
1986,24.64
1987,25.84
1988,26.88
1989,26.82
1990,27.79
1991,27.75
1992,27.91
1993,28.94
1994,30.96
1995,30.41
1996,30.78
1997,31.89
1998,33.32
1999,34.81
2000,35.93
2001,36.7
2002,36.68
2003,36.25
2004,36.61
2005,36.68
2006,36.78
2007,37.48
2008,37.58
2009,36.54
2010,36.72
2011,37.05
2012,36.72
2013,36.68
