1961,7.25
1962,7.95
1963,6.01
1964,8.17
1965,6.82
1966,4.87
1967,3.71
1968,4.27
1969,4.09
1970,5.78
1971,4.88
1972,6.46
1973,7.77
1974,7.39
1975,6.7
1976,8.79
1977,8.17
1978,9.05
1979,8.27
1980,8.43
1981,8.93
1982,9.34
1983,9.9
1984,10.51
1985,11.15
1986,12.61
1987,12.03
1988,11.92
1989,12.84
1990,12.14
1991,13.86
1992,14.47
1993,13.04
1994,15.44
1995,16.66
1996,15.94
1997,18.3
1998,16.55
1999,17.42
2000,17.34
2001,20.29
2002,20.18
2003,18.31
2004,16.9
2005,19.67
2006,19.07
2007,19.96
2008,22.72
2009,18.91
2010,21.99
2011,25.76
2012,22.05
2013,26.75
