1961,16.59
1962,12.99
1963,13.92
1964,12.27
1965,11.93
1966,18.96
1967,19.16
1968,19.14
1969,21.3
1970,19.89
1971,19.42
1972,16.24
1973,14.7
1974,14.58
1975,15.76
1976,16.14
1977,15.44
1978,16.7
1979,14.76
1980,14.51
1981,13.8
1982,11.31
1983,11.46
1984,13.41
1985,14.31
1986,16.83
1987,16.32
1988,17.47
1989,19.63
1990,19.38
1991,19.93
1992,21.09
1993,20.49
1994,19.17
1995,18.16
1996,19.22
1997,19.67
1998,21.55
1999,25.06
2000,23.63
2001,24.33
2002,27.43
2003,28.41
2004,29
2005,26.97
2006,26.08
2007,26.31
2008,27.38
2009,26.01
2010,29.31
2011,29.58
2012,27.39
2013,28.46