1961,1.46
1962,1.42
1963,1.52
1964,1.5
1965,1.51
1966,1.57
1967,1.59
1968,1.51
1969,1.76
1970,1.89
1971,1.82
1972,2.13
1973,1.8
1974,1.87
1975,2.37
1976,2.47
1977,2.71
1978,2.5
1979,2.88
1980,3.17
1981,3.53
1982,3.42
1983,3.78
1984,3.95
1985,4.14
1986,4.45
1987,5.38
1988,5.6
1989,6.7
1990,7.22
1991,7.89
1992,7.76
1993,7.47
1994,8.46
1995,9.32
1996,10.97
1997,10.89
1998,11.88
1999,12.68
2000,13.65
2001,15.7
2002,16.97
2003,17.77
2004,17.99
2005,17.89
2006,17.33
2007,18.79
2008,19.66
2009,18.41
2010,17.54
2011,18.19
2012,19.15
2013,19.87