1961,17.56
1962,18.24
1963,19.57
1964,21.58
1965,20.65
1966,20.42
1967,19.84
1968,19.39
1969,21.32
1970,20.91
1971,20.93
1972,21.95
1973,22.71
1974,23.19
1975,24.4
1976,24.09
1977,23.17
1978,22.2
1979,23.03
1980,23.99
1981,21.59
1982,22.42
1983,19.97
1984,20.8
1985,21.75
1986,21.52
1987,22.66
1988,21.87
1989,21.19
1990,22.26
1991,20.21
1992,19.83
1993,19.07
1994,19.75
1995,19.36
1996,19.07
1997,19.29
1998,19.57
1999,18.96
2000,18.05
2001,18.08
2002,18.04
2003,18.27
2004,18.94
2005,19
2006,19.02
2007,18.58
2008,18.3
2009,18.19
2010,18.63
2011,18.91
2012,19.28
2013,19.22