1961,4.98
1962,5.44
1963,5
1964,5.43
1965,5.72
1966,5.93
1967,6.28
1968,6.55
1969,6.77
1970,7.44
1971,7.96
1972,8.23
1973,8.47
1974,8.06
1975,8.75
1976,8.49
1977,8.89
1978,9.46
1979,9.48
1980,9.66
1981,9.59
1982,9.72
1983,9.39
1984,9.51
1985,9.45
1986,9.63
1987,10.14
1988,10.63
1989,10.49
1990,11.1
1991,11.43
1992,12.06
1993,11.13
1994,11.99
1995,11.61
1996,13.32
1997,12.95
1998,13.67
1999,12.49
2000,12.7
2001,14.07
2002,13.14
2003,13.49
2004,14.52
2005,14.41
2006,13.93
2007,15.14
2008,16.65
2009,16.8
2010,17.78
2011,17.97
2012,17.61
2013,17.75