1961,19.92
1962,21.49
1963,20.97
1964,20.17
1965,19.99
1966,20.67
1967,20.83
1968,21.68
1969,22.18
1970,23.41
1971,23.24
1972,22.83
1973,22.94
1974,23.39
1975,22.9
1976,22.85
1977,22.62
1978,23.36
1979,22.84
1980,23.04
1981,22.94
1982,22.26
1983,22.32
1984,21.83
1985,22.63
1986,22.75
1987,23.01
1988,22.6
1989,21.98
1990,21.72
1991,21.07
1992,19.93
1993,17.49
1994,16.39
1995,15.69
1996,16.01
1997,14.61
1998,14.24
1999,12.57
2000,13.02
2001,10.39
2002,11.54
2003,11.46
2004,12.28
2005,12.09
2006,12.17
2007,12.78
2008,12.56
2009,12.55
2010,12.59
2011,13.37
2012,13.34
2013,13.16