1961,10.89
1962,14.01
1963,13.57
1964,13.58
1965,14.06
1966,13.43
1967,9.78
1968,5.39
1969,7.84
1970,8.18
1971,8.28
1972,7.59
1973,9.93
1974,7.71
1975,10.73
1976,9.04
1977,8.74
1978,11.27
1979,14.31
1980,9.65
1981,11.04
1982,9.82
1983,11.67
1984,11.76
1985,13.43
1986,14
1987,13.39
1988,11.71
1989,11.47
1990,11.5
1991,11.71
1992,13.01
1993,13.02
1994,13.34
1995,11.47
1996,11.54
1997,12.54
1998,12.53
1999,13.28
2000,12.96
2001,12.99
2002,12.78
2003,12.56
2004,12.61
2005,11.88
2006,12.26
2007,12.2
2008,12.1
2009,11.67
2010,11.49
2011,12.96
2012,13.27
2013,13.36