1961,1.4
1962,1.37
1963,1.34
1964,1.32
1965,1.3
1966,1.28
1967,1.27
1968,1.25
1969,1.24
1970,1.47
1971,1.59
1972,1.79
1973,2.11
1974,2
1975,2.05
1976,2.14
1977,2.25
1978,2.95
1979,2.57
1980,3.13
1981,3.34
1982,3.39
1983,4.38
1984,4.45
1985,6.34
1986,8.7
1987,6.78
1988,3.96
1989,5.13
1990,5.97
1991,6.07
1992,6.17
1993,5.73
1994,5.1
1995,7.37
1996,6.51
1997,8.04
1998,10.3
1999,11.17
2000,11.31
2001,13.61
2002,16.77
2003,20.18
2004,18.85
2005,20.04
2006,22.76
2007,26.09
2008,25.77
2009,23.91
2010,22.94
2011,24.54
2012,26.28
2013,26.87
