1961,5.21
1962,5.25
1963,6.1
1964,6.81
1965,7.31
1966,8.41
1967,8.38
1968,9.6
1969,10.22
1970,10.07
1971,11.2
1972,11.63
1973,12.88
1974,10.87
1975,10.25
1976,11.65
1977,12.27
1978,13.44
1979,14.62
1980,13.93
1981,15.16
1982,16.62
1983,16.88
1984,17.6
1985,18.65
1986,20.48
1987,22.2
1988,22.53
1989,21.86
1990,24.05
1991,24.95
1992,23.61
1993,24.02
1994,26.86
1995,25.77
1996,26.03
1997,24.87
1998,25.86
1999,32.73
2000,30.94
2001,28.11
2002,27.48
2003,27.49
2004,27.82
2005,32.21
2006,28.12
2007,26.13
2008,27.6
2009,26.02
2010,23.15
2011,21.44
2012,25.32
2013,26.26
