1961,16.03
1962,16.84
1963,17.89
1964,17.48
1965,17.35
1966,17.23
1967,18.59
1968,19.19
1969,19.35
1970,19.61
1971,22.16
1972,20.62
1973,18.58
1974,30.88
1975,33.86
1976,32.66
1977,30.42
1978,25.55
1979,24.96
1980,26.13
1981,27.02
1982,31.98
1983,27.4
1984,33.01
1985,30.2
1986,27.59
1987,28.17
1988,27.56
1989,21.7
1990,22.89
1991,23.37
1992,21.13
1993,19.54
1994,17.97
1995,15.44
1996,16.98
1997,19.08
1998,20.05
1999,19.28
2000,17.82
2001,25.01
2002,26.82
2003,23.48
2004,27.64
2005,26.03
2006,27.74
2007,23.94
2008,22.14
2009,22.78
2010,23
2011,22.89
2012,22.42
2013,22.35