1961,7.82
1962,11.91
1963,12.84
1964,16.81
1965,16.2
1966,21.53
1967,15.16
1968,20.54
1969,20.26
1970,19.78
1971,19.6
1972,15.87
1973,19.24
1974,12.37
1975,15.69
1976,15.25
1977,21.27
1978,12.59
1979,22.19
1980,13.07
1981,15.25
1982,16.29
1983,12.81
1984,17.8
1985,17
1986,14.45
1987,17.41
1988,19.61
1989,16.7
1990,14.24
1991,17.6
1992,14.43
1993,15.21
1994,19.79
1995,17.26
1996,19.02
1997,20.16
1998,19.12
1999,18.84
2000,23.18
2001,21.27
2002,24.95
2003,25.78
2004,25.75
2005,24.03
2006,28.39
2007,27.13
2008,29.33
2009,25.1
2010,26.56
2011,27.69
2012,25.82
2013,28.78