1961,19.55
1962,22.35
1963,21.89
1964,23.13
1965,22.67
1966,24.23
1967,25.44
1968,24.83
1969,25.52
1970,27.14
1971,30.7
1972,34.71
1973,33.46
1974,36.86
1975,37.65
1976,38.2
1977,37.03
1978,37.99
1979,38.12
1980,35.33
1981,37.33
1982,41.13
1983,42.94
1984,41.82
1985,40
1986,34
1987,34.4
1988,38.39
1989,37.48
1990,38.98
1991,40.86
1992,43.53
1993,45.3
1994,48.03
1995,46.21
1996,46.49
1997,46.01
1998,45.72
1999,46.6
2000,58.19
2001,66.49
2002,70.27
2003,70.01
2004,71.04
2005,72.74
2006,70.04
2007,67.91
2008,68.56
2009,66.57
2010,66.65
2011,66.83
2012,67.98
2013,62.5
