1961,14.85
1962,16.48
1963,18.73
1964,18.25
1965,18.34
1966,21.59
1967,23.81
1968,23.58
1969,24.57
1970,25.84
1971,26.2
1972,25.34
1973,27.4
1974,25.3
1975,23.31
1976,23.95
1977,24.19
1978,24.19
1979,25.26
1980,26.22
1981,25.88
1982,25.86
1983,26.96
1984,26.07
1985,26.02
1986,26.4
1987,27.35
1988,26.93
1989,27.07
1990,27.18
1991,27.53
1992,26.08
1993,26.66
1994,26.99
1995,25.48
1996,25.45
1997,24.2
1998,24.55
1999,25.72
2000,24.93
2001,23.92
2002,24.06
2003,24.67
2004,23.53
2005,23.61
2006,24.28
2007,24.05
2008,22.91
2009,23.59
2010,23.13
2011,21.53
2012,20.73
2013,18.6