1961,5.37
1962,6.2
1963,7.18
1964,8.46
1965,10.04
1966,10.72
1967,10.38
1968,10.74
1969,10.98
1970,11.75
1971,12.16
1972,13.16
1973,14.69
1974,15.16
1975,15.64
1976,16.4
1977,16.6
1978,17.31
1979,17.68
1980,18.13
1981,18.09
1982,18.6
1983,18.67
1984,18.28
1985,18
1986,18.08
1987,18.73
1988,19.19
1989,19.38
1990,19.61
1991,19.51
1992,19.71
1993,19.47
1994,19.01
1995,18.41
1996,18.66
1997,18.66
1998,18.54
1999,18.41
2000,18.94
2001,18.28
2002,18.01
2003,14.98
2004,15.74
2005,15.41
2006,13.46
2007,15.81
2008,17.04
2009,17.35
2010,17.56
2011,18.13
2012,19.02
2013,18.61
