1961,20.15
1962,21.04
1963,23.3
1964,18.83
1965,18.5
1966,20.66
1967,21.86
1968,22.05
1969,21.37
1970,21.94
1971,20.99
1972,19.71
1973,19.36
1974,22.18
1975,21.9
1976,23.19
1977,22.69
1978,20.07
1979,21.91
1980,22.39
1981,18.76
1982,18.85
1983,18.95
1984,19.89
1985,19.62
1986,18.08
1987,19.8
1988,18.91
1989,15.73
1990,18.42
1991,20.68
1992,20.52
1993,22.61
1994,20.08
1995,21.51
1996,22.1
1997,18.36
1998,21.51
1999,18.23
2000,16.86
2001,17.92
2002,17.63
2003,16.26
2004,17.57
2005,16.2
2006,17
2007,19.02
2008,16.35
2009,18.13
2010,18.98
2011,14.98
2012,15.4
2013,17.67