1961,1.92
1962,2.79
1963,2.93
1964,4.46
1965,3.78
1966,5.65
1967,6.04
1968,4.89
1969,5.77
1970,6.99
1971,6.97
1972,7.24
1973,9.19
1974,7.75
1975,7.2
1976,8.24
1977,7.29
1978,8.12
1979,8.15
1980,8.03
1981,8.69
1982,11.34
1983,9.79
1984,11.93
1985,12.91
1986,14.04
1987,13.65
1988,13.51
1989,13.42
1990,18.51
1991,17.72
1992,19.48
1993,18.8
1994,20.51
1995,18.58
1996,21.52
1997,18.9
1998,19.03
1999,14.19
2000,12.59
2001,14
2002,12.14
2003,10.76
2004,22.76
2005,20.69
2006,15.11
2007,14.44
2008,27.01
2009,22.48
2010,16.08
2011,12.38
2012,24.7
2013,23.9
