1961,2.67
1962,3.32
1963,2.8
1964,3.07
1965,3.5
1966,3.73
1967,3.77
1968,3.82
1969,4.34
1970,5.09
1971,6.12
1972,6.27
1973,6.7
1974,9.21
1975,8.4
1976,8.56
1977,8.42
1978,11.2
1979,10.42
1980,9.64
1981,11.86
1982,10.91
1983,9.85
1984,12.42
1985,14.21
1986,13.37
1987,14.05
1988,15.59
1989,16.91
1990,16.56
1991,16.94
1992,19.28
1993,20.57
1994,20.25
1995,23.96
1996,23.23
1997,23.48
1998,25.26
1999,24.92
2000,26.69
2001,30.66
2002,33.61
2003,35.89
2004,35.73
2005,37.24
2006,34.86
2007,34.35
2008,33.48
2009,30.46
2010,31.99
2011,35.32
2012,36.61
2013,34.98
