1961,47.06
1962,57.12
1963,51.26
1964,49.35
1965,42.35
1966,53.58
1967,52.49
1968,54.51
1969,62.42
1970,45.28
1971,44.81
1972,47.12
1973,49.01
1974,44.11
1975,72.56
1976,93.25
1977,55.92
1978,72.87
1979,48.83
1980,57.44
1981,49.95
1982,54.23
1983,38.73
1984,48.56
1985,48.98
1986,55.93
1987,42.73
1988,49.85
1989,26.46
1990,39.08
1991,34.9
1992,26.68
1993,37.79
1994,20.43
1995,45.66
1996,36.28
1997,37.98
1998,26.77
1999,33.24
2000,20.08
2001,25.92
2002,25.62
2003,25.49
2004,26.08
2005,16.65
2006,25.55
2007,31.83
2008,34.22
2009,27.56
2010,19.73
2011,47.18
2012,18.45
2013,22.49