1961,0.69
1962,0.74
1963,0.69
1964,0.72
1965,0.9
1966,0.94
1967,1.08
1968,1.29
1969,1.44
1970,1.66
1971,1.9
1972,1.95
1973,2.14
1974,2.42
1975,2.18
1976,2.05
1977,2.59
1978,2.76
1979,2.82
1980,3.08
1981,3.03
1982,2.51
1983,2.69
1984,2.75
1985,3.08
1986,3.58
1987,3.93
1988,4.39
1989,4.77
1990,4.73
1991,4.82
1992,5.39
1993,5.36
1994,6.04
1995,6.81
1996,7.43
1997,7.59
1998,7.55
1999,8.74
2000,10.07
2001,9.86
2002,10.7
2003,10.75
2004,11.87
2005,12.43
2006,13.48
2007,14.89
2008,17.62
2009,16.98
2010,17.13
2011,17.19
2012,18.73
2013,21.01
