1961,15.42
1962,13.88
1963,13.58
1964,14.34
1965,14.47
1966,14.87
1967,14.02
1968,14.99
1969,14.51
1970,13.28
1971,14.84
1972,15.42
1973,16.46
1974,16.88
1975,18.32
1976,18.35
1977,19.48
1978,19.62
1979,19.82
1980,20
1981,19
1982,18.21
1983,16.94
1984,17.04
1985,18.32
1986,19.18
1987,18.97
1988,18.57
1989,18.46
1990,18.13
1991,18.58
1992,18.81
1993,19.15
1994,20.35
1995,19.87
1996,20.61
1997,20.46
1998,20.94
1999,20.35
2000,20.92
2001,20.34
2002,20.31
2003,20.93
2004,20.96
2005,21.29
2006,20.08
2007,20.48
2008,20.9
2009,19.53
2010,18.67
2011,19.1
2012,19.67
2013,19.83