1961,2.7
1962,2.41
1963,2.69
1964,2.7
1965,2.87
1966,2.85
1967,3.6
1968,3.75
1969,3.22
1970,3.2
1971,3.35
1972,3.9
1973,4.17
1974,4.77
1975,4.77
1976,4.85
1977,4.27
1978,4.9
1979,4.98
1980,5.18
1981,5.42
1982,5.28
1983,5.5
1984,5.16
1985,5.45
1986,5.26
1987,5.2
1988,5.18
1989,5.02
1990,6.05
1991,6.71
1992,7.29
1993,7.62
1994,8.58
1995,8.17
1996,9.1
1997,8.93
1998,8.45
1999,11.34
2000,10.16
2001,11.22
2002,13.23
2003,12.66
2004,12.91
2005,13.96
2006,13.92
2007,14.78
2008,16.09
2009,15.4
2010,15.86
2011,15.72
2012,15.53
2013,16.64
