1961,19.57
1962,20.45
1963,19.22
1964,19.15
1965,18.33
1966,19.87
1967,18.37
1968,18.54
1969,18.69
1970,18.35
1971,16.66
1972,15.17
1973,16.02
1974,18.33
1975,19.17
1976,20.14
1977,18.75
1978,18.54
1979,18.06
1980,18.73
1981,18.14
1982,16.23
1983,17.55
1984,16.69
1985,15.83
1986,16.01
1987,17.18
1988,16.76
1989,16.99
1990,16.96
1991,16.81
1992,16.97
1993,17.26
1994,17.98
1995,17.54
1996,18.65
1997,19.34
1998,19.66
1999,20.68
2000,19.72
2001,20.35
2002,23
2003,23.66
2004,23.68
2005,23.86
2006,24
2007,23.99
2008,23.52
2009,23.28
2010,23.79
2011,24.18
2012,23.82
2013,24.58
