1961,23.76
1962,26.23
1963,24.08
1964,25.45
1965,24.87
1966,24.88
1967,25.98
1968,26.15
1969,26.48
1970,27.52
1971,27.77
1972,26.87
1973,27.04
1974,26.1
1975,24.35
1976,25.88
1977,25.86
1978,26.55
1979,28.04
1980,28.35
1981,27.37
1982,27.53
1983,26.29
1984,28.13
1985,28.01
1986,27.77
1987,27.7
1988,26.14
1989,25.86
1990,26.82
1991,27.31
1992,25.82
1993,24.44
1994,22.83
1995,22.71
1996,22.96
1997,22.19
1998,22.15
1999,22.19
2000,20.32
2001,20.41
2002,20.43
2003,20.32
2004,20.11
2005,20.37
2006,20.8
2007,20.43
2008,21.24
2009,21.01
2010,21.48
2011,21.51
2012,20.78
2013,21.26
