1961,4.39
1962,4.95
1963,5.48
1964,5.72
1965,5.71
1966,6.04
1967,5.97
1968,6.15
1969,6.49
1970,6.66
1971,6.63
1972,7.17
1973,7.7
1974,7.05
1975,6.48
1976,7.08
1977,6.98
1978,6.93
1979,7.62
1980,8.03
1981,8.16
1982,8.11
1983,8.32
1984,8.88
1985,9.21
1986,9.68
1987,10.47
1988,11.55
1989,11.59
1990,11.03
1991,11.52
1992,11.12
1993,10.83
1994,11.45
1995,11.28
1996,12.15
1997,12.2
1998,12.42
1999,12.21
2000,12.81
2001,13.47
2002,13.79
2003,14.22
2004,14.56
2005,14.11
2006,12.9
2007,14.87
2008,15.84
2009,15.94
2010,15.86
2011,16.26
2012,16.3
2013,16.38
