1961,24.85
1962,25.6
1963,26.33
1964,23.85
1965,22.09
1966,23.71
1967,24.07
1968,23.27
1969,23.97
1970,24.12
1971,23.76
1972,23.45
1973,21.97
1974,24.54
1975,24.77
1976,22.95
1977,22.57
1978,24.14
1979,24.29
1980,22.74
1981,22.57
1982,20.91
1983,20.98
1984,22.43
1985,21.89
1986,22.08
1987,22.77
1988,21.65
1989,21.78
1990,20.68
1991,21.12
1992,20.55
1993,17.02
1994,16.85
1995,17.39
1996,15.28
1997,16.81
1998,16.34
1999,16.57
2000,17.25
2001,17.41
2002,19.07
2003,20.95
2004,21.89
2005,20.68
2006,21.74
2007,21.92
2008,20.89
2009,19.51
2010,19.43
2011,18.76
2012,18.71
2013,18.12