1961,6.29
1962,6.44
1963,6.36
1964,6.9
1965,7.27
1966,8.02
1967,8.7
1968,9.8
1969,10.13
1970,10.51
1971,10.75
1972,12.01
1973,12.06
1974,11.72
1975,11.3
1976,12.24
1977,12.37
1978,12.67
1979,13.48
1980,13.6
1981,13.45
1982,14.56
1983,14.53
1984,14.87
1985,16.08
1986,17.56
1987,17.95
1988,18.82
1989,17.54
1990,18.7
1991,19.17
1992,23.24
1993,23.73
1994,25.08
1995,25.34
1996,26.26
1997,25.88
1998,28.43
1999,28.12
2000,28.5
2001,29.11
2002,29.08
2003,29.76
2004,30.97
2005,30.79
2006,30.73
2007,29.02
2008,28.16
2009,28.98
2010,30.23
2011,30.81
2012,31.69
2013,31.55
