1961,3.76
1962,3.49
1963,3.21
1964,3.01
1965,2.93
1966,2.87
1967,5.9
1968,7.2
1969,4.25
1970,4.61
1971,5.24
1972,11.17
1973,8.45
1974,13.03
1975,8.31
1976,5.84
1977,6.96
1978,2.45
1979,3.31
1980,14.11
1981,19.8
1982,21.33
1983,20.79
1984,19.86
1985,15.33
1986,13.12
1987,12.85
1988,11.04
1989,11.48
1990,13.38
1991,12.7
1992,12.96
1993,12.85
1994,17.29
1995,16.58
1996,14.96
1997,10.53
1998,5.43
1999,9.27
2000,8.41
2001,5.86
2002,19.19
2003,19.84
2004,8.5
2005,7.16
2006,6.59
2007,17.89
2008,17.44
2009,6.6
2010,5.46
2011,5.43
2012,5.32
2013,5.64