1961,0.78
1962,0.71
1963,0.64
1964,0.61
1965,0.58
1966,0.58
1967,0.61
1968,0.74
1969,0.77
1970,0.75
1971,4.69
1972,3.92
1973,9.6
1974,17.71
1975,21.9
1976,35.25
1977,27.15
1978,33.23
1979,41.76
1980,43.37
1981,38.64
1982,44.22
1983,39.95
1984,31.94
1985,36.97
1986,36.04
1987,36.29
1988,29.67
1989,31.6
1990,38.55
1991,36.98
1992,26.93
1993,30.93
1994,35.95
1995,44.06
1996,48.74
1997,41.95
1998,48.69
1999,48.77
2000,44.72
2001,49.69
2002,49.51
2003,58.91
2004,48.07
2005,46.22
2006,43.73
2007,44.2
2008,43.99
2009,43.15
2010,37.9
2011,39.74
2012,42.26
2013,41.04
