1961,41.22
1962,41.55
1963,43.68
1964,46.96
1965,47
1966,48.88
1967,49.62
1968,50.75
1969,50.94
1970,52.27
1971,51.88
1972,52.88
1973,49.64
1974,52.82
1975,54.93
1976,58.81
1977,56.85
1978,54.09
1979,48.13
1980,47.32
1981,47.81
1982,47.76
1983,48.41
1984,48.23
1985,48.71
1986,49.21
1987,47.34
1988,46.78
1989,44.17
1990,43.41
1991,43.13
1992,43.12
1993,42
1994,43.39
1995,43.19
1996,43.83
1997,42.85
1998,43.34
1999,43.85
2000,43.5
2001,42.8
2002,43.75
2003,42.09
2004,42.64
2005,42.25
2006,42.4
2007,41.89
2008,40.58
2009,39.61
2010,38.66
2011,36.84
2012,36.96
2013,36.24
