1961,144.285123
1962,139.0041421
1963,140.2533354
1964,137.2592373
1965,133.7892561
1966,134.4303764
1967,130.4051982
1968,127.7217461
1969,123.5974256
1970,119.4400576
1971,117.5100872
1972,112.890055
1973,114.2251716
1974,110.4842014
1975,106.3995378
1976,104.6876804
1977,97.23878746
1978,100.3849037
1979,100.3849037
1980,98.87794048
1981,99.59176518
1982,97.88651728
1983,98.46815222
1984,99.3075572
1985,99.36704259
1986,99.04317768
1987,99.67768853
1988,98.69287482
1989,100.265933
1990,101.7596772
1991,103.9738557
1992,100.8409584
1993,99.98172498
1994,95.52693006
1995,108.2369755
1996,109.030114
1997,104.4695673
1998,111.6540808
1999,114.826635
2000,118.2635688
2001,116.492226
2002,117.9859703
2003,113.8286023
2004,113.1808725
2005,117.7083718
2006,111.4293582
2007,115.2562517
2008,113.7030221
2009,112.1299639
2010,109.8298621
2011,112.1762303
2012,110.5833437
2013,112.2687632