1961,531.09
1962,493.815
1963,553.245
1964,531.475
1965,529.41
1966,528.29
1967,509.565
1968,508.655
1969,482.825
1970,453.74
1971,471.695
1972,470.295
1973,492.765
1974,494.48
1975,510.09
1976,453.18
1977,465.01
1978,488.075
1979,518.595
1980,517.755
1981,535.85
1982,540.225
1983,402.955
1984,448.7
1985,446.81
1986,461.58
1987,467.6
1988,452.235
1989,456.435
1990,463.19
1991,464.975
1992,447.65
1993,450.31
1994,432.88
1995,515.06
1996,506.31
1997,495.145
1998,452.515
1999,538.93
2000,504.49
2001,538.65
2002,542.255
2003,516.74
2004,566.965
2005,534.695
2006,513.485
2007,530.6
2008,556.5
2009,555.345
2010,568.855
2011,586.81
2012,555.66
2013,567.42