1961,281.94408
1962,274.67748
1963,281.94408
1964,310.28382
1965,340.80354
1966,320.45706
1967,299.38392
1968,319.7304
1969,318.27708
1970,316.82376
1971,407.65626
1972,446.8959
1973,433.08936
1974,434.54268
1975,501.3954
1976,550.80828
1977,470.87568
1978,516.65526
1979,605.30778
1980,653.26734
1981,668.5272
1982,769.53294
1983,835.659
1984,747.73314
1985,754.27308
1986,761.53968
1987,794.96604
1988,817.4925
1989,963.55116
1990,1045.66374
1991,946.83798
1992,893.7918
1993,909.77832
1994,774.61956
1995,715.7601
1996,730.2933
1997,698.32026
1998,709.94682
1999,817.4925
2000,558.07488
2001,707.04018
2002,643.0941
2003,646.00074
2004,767.35296
2005,491.94882
2006,515.9286
2007,699.04692
2008,637.28082
2009,579.87468
2010,510.84198
2011,636.55416
2012,776.07288
2013,752.81976