1961,370.464
1962,317.568
1963,347.072
1964,336.768
1965,253.152
1966,310.432
1967,290.528
1968,292.512
1969,287.008
1970,284
1971,266.656
1972,234.272
1973,301.472
1974,258.24
1975,277.76
1976,291.232
1977,265.632
1978,266.336
1979,297.6
1980,287.04
1981,236.544
1982,312.864
1983,288.544
1984,294.176
1985,267.04
1986,303.904
1987,279.776
1988,326.112
1989,344.96
1990,311.552
1991,307.968
1992,321.568
1993,360
1994,292.576
1995,258.432
1996,246.752
1997,288.48
1998,232.96
1999,290.88
2000,346.336
2001,340.512
2002,308.832
2003,369.76
2004,342.144
2005,348.224
2006,349.216
2007,384.512
2008,403.104
2009,337.376
2010,342.24
2011,384.576
2012,373.984
2013,359.232