1961,39.862
1962,41.7164
1963,46.7856
1964,47.177
1965,49.5178
1966,49.894
1967,51.965
1968,49.9852
1969,50.7034
1970,51.6838
1971,53.8384
1972,54.6022
1973,53.5382
1974,52.4172
1975,52.9834
1976,52.8428
1977,52.83
1978,52.38
1979,52.8656
1980,53.1544
1981,54.0816
1982,56.126
1983,56.525
1984,54.7048
1985,57.1748
1986,56.2324
1987,57.1634
1988,58.5922
1989,59.8994
1990,59.47
1991,61.0736
1992,59.2496
1993,56.2628
1994,56.4072
1995,55.2786
1996,54.3058
1997,55.3128
1998,55.3204
1999,55.8828
2000,53.6066
2001,53.1392
2002,53.8194
2003,53.3178
2004,52.6262
2005,53.675
2006,53.6446
2007,52.2082
2008,50.7528
2009,52.0334
2010,51.2392
2011,52.383
2012,50.4868
2013,52.6452