1961,29369.349
1962,29859.948
1963,29724.048
1964,29734.92
1965,29362.554
1966,29185.884
1967,28963.008
1968,28946.7
1969,28662.669
1970,29177.73
1971,28789.056
1972,28593.36
1973,28744.209
1974,27992.682
1975,27780.678
1976,28136.736
1977,27835.038
1978,27885.321
1979,28299.816
1980,28060.632
1981,28752.363
1982,28082.376
1983,28142.172
1984,28450.665
1985,27935.604
1986,28344.663
1987,28882.827
1988,29289.168
1989,29643.867
1990,30107.286
1991,30539.448
1992,30673.989
1993,29940.129
1994,31168.665
1995,29247.039
1996,30826.197
1997,29899.359
1998,32128.119
1999,31750.317
2000,32746.464
2001,32403.996
2002,31920.192
2003,32046.579
2004,32141.709
2005,33232.986
2006,32511.357
2007,33366.168
2008,32230.044
2009,32216.454
2010,31679.649
2011,31852.242
2012,31365.72
2013,31990.86