1961,124.992
1962,130.944
1963,121.216
1964,123.744
1965,126.208
1966,126.464
1967,122.368
1968,129.248
1969,112.352
1970,127.008
1971,129.152
1972,124.8
1973,140.896
1974,144.736
1975,117.856
1976,127.232
1977,127.328
1978,123.648
1979,124.416
1980,135.68
1981,128.064
1982,129.76
1983,123.808
1984,124.736
1985,119.808
1986,120.736
1987,121.376
1988,126.144
1989,124.224
1990,127.968
1991,128.128
1992,127.04
1993,120.832
1994,143.584
1995,140.064
1996,140.576
1997,141.344
1998,135.488
1999,135.808
2000,137.344
2001,133.344
2002,131.808
2003,134.08
2004,135.456
2005,139.68
2006,135.04
2007,134.08
2008,135.168
2009,130.144
2010,130.624
2011,131.68
2012,130.272
2013,126.528