1961,61.248
1962,79.992
1963,137.808
1964,158.136
1965,154.44
1966,176.352
1967,175.296
1968,198.528
1969,207.504
1970,218.856
1971,211.2
1972,225.192
1973,228.36
1974,206.712
1975,190.872
1976,231
1977,231.792
1978,241.296
1979,256.08
1980,294.36
1981,280.368
1982,300.168
1983,295.416
1984,284.592
1985,274.824
1986,278.52
1987,275.352
1988,309.672
1989,347.688
1990,324.192
1991,332.904
1992,354.552
1993,347.424
1994,305.976
1995,330.264
1996,341.616
1997,330
1998,355.08
1999,363.792
2000,355.608
2001,409.2
2002,385.704
2003,370.656
2004,447.744
2005,395.736
2006,533.016
2007,480.744
2008,526.944
2009,485.496
2010,519.816
2011,454.344
2012,500.016
2013,491.304