1961,700.64
1962,692.416
1963,692.672
1964,703.488
1965,703.552
1966,686.464
1967,704.096
1968,722.24
1969,691.616
1970,684.768
1971,699.648
1972,722.24
1973,697.664
1974,714.528
1975,730.336
1976,742.432
1977,744.192
1978,769.216
1979,778.976
1980,779.584
1981,784.832
1982,798.816
1983,815.104
1984,761.888
1985,853.824
1986,844.736
1987,831.936
1988,781.6
1989,812.704
1990,818.368
1991,845.504
1992,870.752
1993,868.704
1994,888.032
1995,873.824
1996,847.136
1997,914.368
1998,881.312
1999,914.048
2000,920.16
2001,947.552
2002,955.616
2003,783.136
2004,713.76
2005,735.008
2006,724.192
2007,731.648
2008,746.688
2009,751.328
2010,755.296
2011,760.96
2012,806.72
2013,825.888