1961,31421.439
1962,32616
1963,32613.282
1964,32997.879
1965,31906.602
1966,33208.524
1967,32325.174
1968,32364.585
1969,32384.97
1970,31944.654
1971,32518.152
1972,33076.701
1973,30979.764
1974,29846.358
1975,33041.367
1976,33900.255
1977,33318.603
1978,32940.801
1979,30881.916
1980,30301.623
1981,31228.461
1982,31864.473
1983,30600.603
1984,31583.16
1985,32088.708
1986,31085.766
1987,31322.232
1988,31278.744
1989,31189.05
1990,31690.521
1991,31198.563
1992,30327.444
1993,29857.23
1994,30460.626
1995,30360.06
1996,30074.67
1997,29951.001
1998,29824.614
1999,29972.745
2000,29532.429
2001,29479.428
2002,30718.836
2003,32382.252
2004,30226.878
2005,31107.51
2006,30822.12
2007,32741.028
2008,31975.911
2009,32242.275
2010,32254.506
2011,33450.426
2012,32306.148
2013,32548.05