1961,567.21
1962,574
1963,553.91
1964,557.34
1965,563.045
1966,570.045
1967,569.135
1968,579.425
1969,560.525
1970,582.575
1971,556.22
1972,518.14
1973,571.025
1974,598.675
1975,601.37
1976,610.505
1977,635.495
1978,652.435
1979,662.48
1980,611.835
1981,662.83
1982,678.86
1983,641.48
1984,688.45
1985,670.88
1986,658.7
1987,678.65
1988,645.61
1989,680.68
1990,681.59
1991,625.1
1992,690.27
1993,704.48
1994,708.12
1995,705.845
1996,731.08
1997,732.585
1998,731.745
1999,724.325
2000,703.64
2001,704.655
2002,724.36
2003,724.325
2004,704.585
2005,696.395
2006,697.235
2007,677.25
2008,624.855
2009,656.355
2010,680.82
2011,676.655
2012,664.58
2013,635.285