1961,142.176
1962,149.6
1963,144.384
1964,142.048
1965,145.696
1966,152.704
1967,148.416
1968,147.616
1969,154.752
1970,153.792
1971,152.672
1972,150.88
1973,148.288
1974,140.64
1975,133.984
1976,144.128
1977,144.352
1978,140.736
1979,135.072
1980,124.448
1981,124.704
1982,124.352
1983,125.056
1984,131.68
1985,134.016
1986,138.784
1987,140.384
1988,124.096
1989,120.416
1990,121.824
1991,120.512
1992,126.976
1993,133.824
1994,131.904
1995,128.704
1996,123.136
1997,124.928
1998,113.632
1999,113.92
2000,118.08
2001,125.344
2002,128.704
2003,129.312
2004,126.4
2005,126.816
2006,123.008
2007,122.88
2008,121.92
2009,113.504
2010,98.4
2011,108.832
2012,104.64
2013,103.328