1961,37895.715
1962,38174.31
1963,40286.196
1964,37049.058
1965,40893.669
1966,38420.289
1967,39008.736
1968,39253.356
1969,39917.907
1970,40272.606
1971,39069.891
1972,39727.647
1973,39976.344
1974,39904.317
1975,39932.856
1976,42364.107
1977,40933.08
1978,39575.439
1979,39868.983
1980,40518.585
1981,38225.952
1982,40412.583
1983,41082.57
1984,39526.515
1985,41757.993
1986,41251.086
1987,40927.644
1988,41984.946
1989,40995.594
1990,40784.949
1991,39991.293
1992,40434.327
1993,40299.786
1994,43762.518
1995,42766.371
1996,44587.431
1997,45285.957
1998,47389.689
1999,48381.759
2000,47671.002
2001,47715.849
2002,47319.021
2003,47158.659
2004,47499.768
2005,46669.419
2006,46601.469
2007,47342.124
2008,46827.063
2009,46435.671
2010,46017.099
2011,44692.074
2012,46598.751
2013,46284.822