1961,111.6144239
1962,112.1762303
1963,116.7367771
1964,106.8688115
1965,115.2694707
1966,112.1299639
1967,111.5945954
1968,111.1517597
1969,115.1174525
1970,113.6303177
1971,106.591213
1972,103.6499908
1973,107.7610924
1974,110.5502963
1975,109.1292564
1976,113.3659382
1977,114.8993394
1978,110.722143
1979,112.5397522
1980,108.7459061
1981,106.3598809
1982,111.7664421
1983,110.5833437
1984,109.895957
1985,115.0249197
1986,112.8173507
1987,111.3963108
1988,110.7882379
1989,111.4359677
1990,109.8893475
1991,103.286469
1992,113.0883397
1993,111.9184603
1994,120.3918239
1995,118.0124082
1996,126.6510091
1997,131.0991945
1998,132.6986906
1999,132.7912234
2000,129.8235633
2001,128.6404649
2002,129.1493955
2003,131.0198806
2004,128.9907678
2005,129.3014137
2006,128.2372862
2007,124.0468708
2008,119.770532
2009,125.0052465
2010,129.9425341
2011,124.0666992
2012,124.8267904
2013,125.4877392