1961,24.6316
1962,25.5854
1963,25.6728
1964,26.5772
1965,26.6608
1966,27.5918
1967,28.386
1968,28.2264
1969,29.2524
1970,30.5064
1971,32.8814
1972,33.5654
1973,35.6554
1974,35.5186
1975,35.3172
1976,34.2684
1977,34.4204
1978,34.4052
1979,35.0018
1980,33.9796
1981,35.4578
1982,34.0518
1983,34.9752
1984,35.34
1985,34.8574
1986,33.915
1987,33.0258
1988,32.4976
1989,31.882
1990,31.2284
1991,30.9016
1992,29.5488
1993,30.3316
1994,30.5368
1995,30.8446
1996,30.0694
1997,29.6742
1998,30.818
1999,31.559
2000,31.0232
2001,31.9542
2002,32.2316
2003,27.7894
2004,31.3538
2005,32.3836
2006,30.3582
2007,30.5786
2008,30.4798
2009,29.9174
2010,26.2466
2011,26.2846
2012,26.4822
2013,26.2352