1961,137.312
1962,136.512
1963,144.384
1964,144.832
1965,140.384
1966,138.816
1967,130.72
1968,133.888
1969,137.28
1970,137.312
1971,137.44
1972,132.064
1973,133.184
1974,141.92
1975,147.232
1976,148.352
1977,148.672
1978,147.36
1979,163.04
1980,158.432
1981,161.664
1982,164.512
1983,163.456
1984,170.368
1985,178.272
1986,165.728
1987,187.104
1988,165.952
1989,179.168
1990,181.952
1991,164.672
1992,179.552
1993,166.208
1994,176.736
1995,174.816
1996,160.608
1997,160.928
1998,177.632
1999,190.144
2000,172.672
2001,169.856
2002,176.384
2003,163.232
2004,170.08
2005,191.136
2006,198.976
2007,211.2
2008,210.496
2009,217.952
2010,212.352
2011,217.28
2012,207.424
2013,225.888