1961,314.64378
1962,388.03644
1963,402.56964
1964,381.4965
1965,406.9296
1966,376.40988
1967,384.40314
1968,407.65626
1969,396.75636
1970,394.57638
1971,400.38966
1972,430.18272
1973,406.9296
1974,391.66974
1975,403.2963
1976,451.25586
1977,401.11632
1978,412.01622
1979,412.74288
1980,404.02296
1981,446.16924
1982,421.4628
1983,417.8295
1984,455.61582
1985,446.16924
1986,437.44932
1987,457.7958
1988,440.35596
1989,430.90938
1990,437.44932
1991,455.61582
1992,474.50898
1993,475.9623
1994,499.94208
1995,474.50898
1996,486.13554
1997,462.15576
1998,492.67548
1999,459.97578
2000,461.4291
2001,472.329
2002,410.5629
2003,389.48976
2004,526.10184
2005,437.44932
2006,577.6947
2007,584.9613
2008,620.56764
2009,649.63404
2010,716.48676
2011,749.18646
2012,696.86694
2013,706.31352