1961,137.544
1962,127.512
1963,133.32
1964,144.144
1965,147.312
1966,165
1967,189.288
1968,195.096
1969,213.84
1970,215.424
1971,211.2
1972,238.128
1973,255.552
1974,243.408
1975,245.784
1976,280.104
1977,285.12
1978,281.16
1979,319.44
1980,336.336
1981,337.392
1982,336.864
1983,356.4
1984,379.104
1985,411.312
1986,452.496
1987,448.536
1988,430.056
1989,423.984
1990,423.192
1991,478.104
1992,507.144
1993,520.608
1994,527.208
1995,559.152
1996,592.944
1997,634.92
1998,644.16
1999,602.712
2000,595.848
2001,594
2002,545.688
2003,623.568
2004,583.176
2005,591.624
2006,586.608
2007,588.456
2008,594.792
2009,601.656
2010,630.696
2011,629.64
2012,621.72
2013,611.688