1961,803.68
1962,773.344
1963,778.752
1964,767.616
1965,749.856
1966,783.008
1967,766.016
1968,773.184
1969,813.632
1970,755.552
1971,720.384
1972,714.08
1973,755.328
1974,778.016
1975,690.112
1976,717.024
1977,756.32
1978,650.368
1979,680.448
1980,661.088
1981,668.16
1982,730.464
1983,671.712
1984,693.728
1985,673.536
1986,663.168
1987,706.048
1988,701.536
1989,765.088
1990,693.472
1991,681.088
1992,672.128
1993,656.768
1994,659.232
1995,655.136
1996,647.936
1997,640.704
1998,659.616
1999,657.28
2000,682.656
2001,659.104
2002,661.344
2003,628.16
2004,648.736
2005,643.648
2006,664.8
2007,664.832
2008,658.496
2009,631.008
2010,647.04
2011,664.992
2012,616.544
2013,600.864