1961,25142.859
1962,24320.664
1963,23960.529
1964,23695.524
1965,23272.875
1966,23989.068
1967,23838.219
1968,23539.239
1969,23608.548
1970,23842.296
1971,23339.466
1972,23889.861
1973,24235.047
1974,24061.095
1975,23710.473
1976,24322.023
1977,25059.96
1978,26110.467
1979,25845.462
1980,27521.109
1981,27519.75
1982,26630.964
1983,27054.972
1984,28505.025
1985,29302.758
1986,30958.02
1987,31814.19
1988,31372.515
1989,31895.73
1990,31683.726
1991,32451.561
1992,33340.347
1993,33457.221
1994,34386.777
1995,35387.001
1996,34362.315
1997,34975.224
1998,36572.049
1999,30755.529
2000,29740.356
2001,32489.613
2002,35112.483
2003,34761.86
2004,33742.611
2005,37197.189
2006,35317.692
2007,35463.105
2008,35649.288
2009,34097.31
2010,36180.657
2011,35149.176
2012,34363.674
2013,35066.277