1961,570.01
1962,548.87
1963,546.77
1964,526.085
1965,508.83
1966,512.68
1967,470.68
1968,478.065
1969,413.07
1970,484.155
1971,458.22
1972,446.6
1973,458.71
1974,458.36
1975,413.665
1976,400.995
1977,499.52
1978,446.88
1979,480.2
1980,474.04
1981,508.795
1982,512.54
1983,492.73
1984,517.475
1985,546.035
1986,567.77
1987,535.22
1988,548.24
1989,523.495
1990,511.035
1991,504.105
1992,555.66
1993,538.895
1994,527.94
1995,509.88
1996,534.52
1997,577.255
1998,565.425
1999,599.235
2000,590.59
2001,598.325
2002,601.895
2003,616.7
2004,623.455
2005,607.11
2006,642.285
2007,624.61
2008,611.66
2009,674.275
2010,629.055
2011,635.635
2012,595
2013,587.44