1961,187.968
1962,200.64
1963,135.432
1964,138.336
1965,170.544
1966,229.68
1967,184.272
1968,258.984
1969,215.688
1970,275.88
1971,289.08
1972,244.2
1973,311.784
1974,265.056
1975,300.696
1976,275.352
1977,306.768
1978,255.552
1979,208.032
1980,251.592
1981,272.184
1982,267.168
1983,247.896
1984,258.192
1985,237.864
1986,227.832
1987,236.808
1988,234.432
1989,174.504
1990,191.928
1991,213.048
1992,170.808
1993,186.384
1994,152.328
1995,140.184
1996,161.304
1997,97.152
1998,120.12
1999,169.752
2000,257.136
2001,252.12
2002,192.192
2003,212.256
2004,256.08
2005,117.48
2006,169.224
2007,170.016
2008,153.384
2009,197.736
2010,149.688
2011,177.936
2012,223.60
2013,221.496