1961,29.7502
1962,30.1226
1963,30.894
1964,33.1246
1965,32.0226
1966,35.2298
1967,36.366
1968,37.4262
1969,40.622
1970,43.4074
1971,46.1168
1972,48.6704
1973,51.9574
1974,50.6426
1975,53.5876
1976,54.5148
1977,55.0734
1978,53.2912
1979,54.6326
1980,55.138
1981,56.1298
1982,57.5434
1983,57.627
1984,56.221
1985,55.2824
1986,55.2254
1987,53.9562
1988,53.7434
1989,54.5566
1990,56.2514
1991,56.7682
1992,55.4648
1993,54.2526
1994,55.0544
1995,55.0658
1996,55.442
1997,55.1152
1998,51.6648
1999,50.2246
2000,49.7762
2001,49.4874
2002,48.3816
2003,48.0852
2004,45.1668
2005,43.8672
2006,43.2706
2007,42.2104
2008,40.1166
2009,38
2010,36.765
2011,37.0044
2012,34.0708
2013,34.143