1961,719.584
1962,636.64
1963,713.696
1964,723.424
1965,707.904
1966,709.856
1967,691.84
1968,634.688
1969,685.696
1970,633.376
1971,683.52
1972,679.744
1973,583.04
1974,662.464
1975,714.176
1976,616.768
1977,684.384
1978,681.952
1979,629.504
1980,624.992
1981,685.792
1982,644.48
1983,609.696
1984,555.2
1985,714.688
1986,672.192
1987,733.504
1988,774.016
1989,799.552
1990,732.864
1991,749.92
1992,631.712
1993,611.008
1994,596.704
1995,770.784
1996,781.408
1997,721.728
1998,721.536
1999,728.48
2000,748.832
2001,790.88
2002,661.824
2003,637.152
2004,688.704
2005,949.536
2006,849.312
2007,814.272
2008,836
2009,916.416
2010,827.936
2011,903.2
2012,780.64
2013,887.36