1961,108.864
1962,130.752
1963,133.184
1964,142.176
1965,143.072
1966,141.792
1967,148.832
1968,148
1969,141.92
1970,146.944
1971,136.608
1972,124.64
1973,145.312
1974,128.096
1975,130.016
1976,139.008
1977,140.928
1978,133.76
1979,149.728
1980,135.808
1981,105.28
1982,104.096
1983,111.04
1984,116.192
1985,125.344
1986,152.224
1987,156
1988,151.744
1989,165.216
1990,171.424
1991,171.712
1992,170.912
1993,141.76
1994,115.008
1995,124.352
1996,130.112
1997,155.232
1998,114.784
1999,177.6
2000,190.08
2001,184.832
2002,259.04
2003,276.928
2004,260.096
2005,268
2006,227.616
2007,181.888
2008,183.168
2009,189.408
2010,192.704
2011,184.032
2012,204.416
2013,196.832