1961,162.112
1962,169.12
1963,165.536
1964,162.016
1965,167.392
1966,168.288
1967,167.776
1968,163.744
1969,164.768
1970,169.44
1971,167.648
1972,161.792
1973,171.968
1974,168.544
1975,159.52
1976,167.872
1977,142.848
1978,149.824
1979,142.752
1980,146.88
1981,146.592
1982,149.568
1983,148.064
1984,137.888
1985,139.008
1986,137.248
1987,137.216
1988,130.048
1989,124.928
1990,130.368
1991,135.296
1992,139.84
1993,145.216
1994,146.432
1995,140.8
1996,133.952
1997,146.048
1998,128.352
1999,117.504
2000,128.8
2001,122.144
2002,139.712
2003,140.896
2004,142.56
2005,119.616
2006,132.256
2007,157.312
2008,133.92
2009,133.216
2010,132.48
2011,132
2012,135.072
2013,134.848