1961,805.13928
1962,861.81876
1963,936.66474
1964,861.0921
1965,898.15176
1966,928.67148
1967,914.13828
1968,953.37792
1969,1052.93034
1970,1042.7571
1971,1045.66374
1972,1088.53668
1973,1039.85046
1974,998.43084
1975,1092.16998
1976,1090.71666
1977,856.73214
1978,965.00448
1979,959.91786
1980,944.658
1981,1020.9573
1982,970.0911
1983,962.09784
1984,943.20468
1985,945.38466
1986,946.83798
1987,922.8582
1988,957.73788
1989,978.08436
1990,938.84472
1991,1002.7908
1992,1055.11032
1993,1010.0574
1994,1036.21716
1995,901.78506
1996,995.5242
1997,1026.7758
1998,1105.97652
1999,1116.87642
2000,1051.47702
2001,999.1575
2002,893.7918
2003,818.94582
2004,992.61756
2005,1111.06314
2006,908.325
2007,885.07188
2008,858.18546
2009,807.31926
2010,995.5242
2011,975.90438
2012,944.658
2013,976.63104