1961,145.7656484
1962,140.8547988
1963,134.952526
1964,132.3351687
1965,131.0264901
1966,124.8466188
1967,120.7156888
1968,119.6317328
1969,107.6355121
1970,112.4934858
1971,112.2026683
1972,111.3169969
1973,110.0149278
1974,109.9025665
1975,101.6274875
1976,95.68555778
1977,109.6051395
1978,107.4107895
1979,105.3023628
1980,107.4107895
1981,110.5502963
1982,108.9309717
1983,108.2898514
1984,110.9005992
1985,112.0969165
1986,113.8087739
1987,112.2555442
1988,112.3414675
1989,107.8998916
1990,111.3368254
1991,109.3738074
1992,114.2582191
1993,117.6356674
1994,116.3335983
1995,121.2973238
1996,120.325729
1997,127.3450053
1998,131.0463186
1999,128.0984869
2000,123.3462651
2001,136.3735659
2002,140.2136784
2003,139.6849194
2004,135.1640296
2005,138.8058575
2006,144.3644369
2007,139.3346165
2008,138.4092882
2009,141.8131745
2010,135.2036865
2011,130.4316362
2012,128.085268
2013,128.1117059