1961,25201.296
1962,24398.127
1963,24497.334
1964,23168.232
1965,23112.513
1966,22642.299
1967,22074.237
1968,22708.89
1969,23115.231
1970,23475.366
1971,23206.284
1972,23401.98
1973,23638.446
1974,24016.248
1975,24633.234
1976,24404.922
1977,24118.173
1978,24805.827
1979,25123.833
1980,25076.268
1981,24866.982
1982,25361.658
1983,24619.644
1984,25111.602
1985,25414.659
1986,25690.536
1987,25905.258
1988,27392.004
1989,27976.374
1990,27502.083
1991,26995.176
1992,27315.9
1993,25198.578
1994,25102.089
1995,26424.396
1996,26056.107
1997,27416.466
1998,26927.226
1999,28703.439
2000,28076.94
2001,28379.997
2002,28450.665
2003,28866.519
2004,29388.375
2005,29376.144
2006,30387.24
2007,30683.502
2008,30705.246
2009,29794.716
2010,31004.226
2011,30652.245
2012,31740.804
2013,31536.954