1961,25.608
1962,38.28
1963,36.696
1964,47.256
1965,49.104
1966,45.936
1967,16.632
1968,69.168
1969,59.136
1970,93.192
1971,128.04
1972,117.216
1973,140.712
1974,151.008
1975,137.28
1976,166.056
1977,107.448
1978,134.112
1979,139.392
1980,143.616
1981,143.88
1982,142.56
1983,137.544
1984,155.496
1985,155.496
1986,146.784
1987,161.832
1988,168.96
1989,178.728
1990,158.928
1991,199.056
1992,252.384
1993,211.464
1994,207.24
1995,217.008
1996,203.808
1997,235.752
1998,242.88
1999,224.928
2000,231
2001,262.944
2002,256.608
2003,241.296
2004,261.624
2005,258.72
2006,264
2007,245.784
2008,236.016
2009,244.464
2010,251.064
2011,244.992
2012,222.552
2013,43.56