1961,595.8612
1962,685.24038
1963,721.57338
1964,813.8592
1965,692.50698
1966,775.34622
1967,839.2923
1968,818.21916
1969,904.6917
1970,903.23838
1971,777.5262
1972,881.43858
1973,954.83124
1974,957.01122
1975,965.00448
1976,1107.42984
1977,754.99974
1978,834.93234
1979,1010.78406
1980,1023.86394
1981,921.40488
1982,971.54442
1983,965.00448
1984,1061.65026
1985,812.40588
1986,915.5916
1987,1093.6233
1988,810.95256
1989,965.73114
1990,970.81776
1991,892.33848
1992,900.33174
1993,957.73788
1994,983.89764
1995,584.9613
1996,812.40588
1997,813.8592
1998,865.45206
1999,920.67822
2000,841.47228
2001,887.25186
2002,887.97852
2003,923.58486
2004,957.73788
2005,990.43758
2006,986.80428
2007,1024.5906
2008,1082.7234
2009,1045.66374
2010,1119.78306
2011,1021.68396
2012,1042.03044
2013,1060.19694