1961,143.904
1962,131.904
1963,103.744
1964,136.8
1965,138.816
1966,148.544
1967,144.192
1968,143.168
1969,152.992
1970,156.992
1971,154.656
1972,154.24
1973,157.952
1974,150.272
1975,138.4
1976,137.184
1977,125.792
1978,114.88
1979,101.408
1980,117.792
1981,111.744
1982,114.528
1983,117.216
1984,112.096
1985,116.384
1986,106.08
1987,110.88
1988,115.072
1989,122.304
1990,126.272
1991,119.52
1992,127.808
1993,130.624
1994,120.576
1995,119.072
1996,113.728
1997,114.336
1998,110.272
1999,109.376
2000,115.264
2001,104.448
2002,100.192
2003,100
2004,99.808
2005,95.552
2006,92.128
2007,96.096
2008,81.856
2009,95.648
2010,85.184
2011,86.912
2012,87.936
2013,88.544