1961,465.71
1962,455.77
1963,479.605
1964,455.84
1965,477.26
1966,478.03
1967,394.135
1968,417.41
1969,429.065
1970,406.21
1971,408.31
1972,417.55
1973,400.75
1974,397.775
1975,407.54
1976,367.15
1977,399.245
1978,443.905
1979,424.655
1980,426.65
1981,408.03
1982,424.025
1983,391.79
1984,457.94
1985,468.16
1986,474.985
1987,444.535
1988,497.14
1989,506.59
1990,487.48
1991,478.345
1992,438.655
1993,441.245
1994,482.545
1995,460.95
1996,488.005
1997,500.36
1998,464.73
1999,502.495
2000,492.275
2001,493.605
2002,497.14
2003,505.33
2004,519.68
2005,527.625
2006,511.665
2007,517.055
2008,513.17
2009,530.705
2010,516.075
2011,542.675
2012,508.13
2013,542.185