1961,90.304
1962,94.176
1963,88.224
1964,101.472
1965,81.408
1966,93.728
1967,105.728
1968,91.936
1969,104.416
1970,98.72
1971,102.08
1972,97.408
1973,100.928
1974,141.92
1975,158.112
1976,163.36
1977,134.976
1978,150.304
1979,162.592
1980,161.344
1981,165.92
1982,163.872
1983,168.064
1984,156.928
1985,116.224
1986,119.328
1987,138.624
1988,132.544
1989,151.392
1990,145.152
1991,140.992
1992,144.576
1993,138.336
1994,151.04
1995,111.104
1996,127.328
1997,126.912
1998,126.848
1999,161.28
2000,154.656
2001,176.736
2002,158.656
2003,172.032
2004,174.784
2005,173.664
2006,172.928
2007,183.68
2008,167.68
2009,170.368
2010,167.328
2011,179.744
2012,179.296
2013,169.568