1961,160.0685804
1962,154.7148951
1963,152.6593443
1964,144.8601485
1965,150.7227644
1966,145.2038419
1967,129.0172058
1968,133.4389532
1969,133.5909715
1970,128.3166
1971,125.3621589
1972,126.5716952
1973,122.2953565
1974,118.6601381
1975,120.880926
1976,111.9977742
1977,113.1808725
1978,119.9622072
1979,118.4949009
1980,117.5100872
1981,115.8643246
1982,116.505445
1983,104.7405563
1984,118.7989373
1985,118.0454557
1986,114.3639709
1987,110.7551904
1988,120.1869298
1989,124.5756298
1990,119.3144774
1991,114.1722957
1992,108.9640192
1993,101.3300605
1994,100.7418161
1995,100.9004438
1996,100.5699694
1997,108.4352601
1998,104.5885381
1999,115.4347079
2000,112.658723
2001,114.4168468
2002,113.3328907
2003,114.7010548
2004,116.1749706
2005,117.2258792
2006,120.3719955
2007,116.3203793
2008,117.4902587
2009,112.8966645
2010,115.9899049
2011,113.7823359
2012,113.458471
2013,114.813416