1961,8.5576
1962,8.2688
1963,8.721
1964,8.8806
1965,10.3284
1966,11.3316
1967,12.2816
1968,13.4482
1969,21.1964
1970,20.0868
1971,20.2768
1972,22.0362
1973,22.021
1974,22.6708
1975,19.9842
1976,23.3244
1977,21.7398
1978,21.3142
1979,21.109
1980,23.6702
1981,23.6398
1982,22.8608
1983,23.5334
1984,24.6582
1985,24.5974
1986,26.2428
1987,27.2042
1988,30.3278
1989,33.1322
1990,33.4704
1991,35.6022
1992,37.335
1993,35.9632
1994,35.0018
1995,35.682
1996,33.1246
1997,34.1164
1998,33.7288
1999,35.7922
2000,34.9144
2001,36.8714
2002,37.1032
2003,37.1412
2004,40.261
2005,37.791
2006,35.8036
2007,37.3312
2008,36.841
2009,36.3546
2010,36.0354
2011,37.1982
2012,34.8802
2013,34.9904