1961,1146.944
1962,1081.632
1963,1102.272
1964,1080.512
1965,1110.304
1966,1119.84
1967,1139.776
1968,1092.512
1969,1069.408
1970,977.632
1971,1042.784
1972,1039.136
1973,1101.408
1974,1045.76
1975,1106.112
1976,1076.832
1977,1056.16
1978,1085.792
1979,1087.072
1980,1043.84
1981,1075.904
1982,1123.68
1983,1018.016
1984,1041.088
1985,966.72
1986,1007.744
1987,976.288
1988,1081.376
1989,1125.6
1990,1113.312
1991,1012.32
1992,1058.368
1993,1011.68
1994,1091.52
1995,1156.768
1996,1097.792
1997,1121.024
1998,1179.456
1999,1115.2
2000,1125.28
2001,1144.576
2002,1119.68
2003,1140.128
2004,1075.52
2005,1094.944
2006,1094.624
2007,1163.296
2008,1230.24
2009,1213.28
2010,1212.256
2011,1262.336
2012,1331.264
2013,1378.432