1961,130.848
1962,134.496
1963,145.024
1964,139.232
1965,140.096
1966,132.256
1967,136.544
1968,135.104
1969,143.808
1970,156.544
1971,158.336
1972,150.496
1973,142.816
1974,111.264
1975,131.776
1976,113.92
1977,120.896
1978,102.72
1979,123.904
1980,110.624
1981,119.072
1982,115.712
1983,119.488
1984,120.672
1985,137.536
1986,122.912
1987,127.072
1988,122.112
1989,139.008
1990,137.376
1991,121.664
1992,134.176
1993,142.336
1994,133.056
1995,131.104
1996,131.488
1997,143.872
1998,136.352
1999,144.512
2000,145.792
2001,167.968
2002,172.288
2003,174.336
2004,187.744
2005,200.544
2006,177.088
2007,190.016
2008,183.04
2009,193.28
2010,191.712
2011,189.6
2012,189.888
2013,186.88