1961,191.488
1962,219.424
1963,233.824
1964,200.896
1965,202.56
1966,232.32
1967,252.064
1968,298.528
1969,271.424
1970,260.832
1971,260.256
1972,247.168
1973,269.44
1974,223.744
1975,255.872
1976,250.592
1977,230.208
1978,255.232
1979,255.872
1980,257.856
1981,214.944
1982,284.704
1983,235.168
1984,263.52
1985,256.256
1986,283.68
1987,269.184
1988,289.664
1989,273.984
1990,288.384
1991,231.2
1992,276.864
1993,212.128
1994,219.2
1995,196.032
1996,235.296
1997,204.896
1998,206.592
1999,210.592
2000,300.16
2001,218.944
2002,232.672
2003,204.608
2004,166.912
2005,192.064
2006,187.424
2007,186.176
2008,181.472
2009,183.68
2010,176.8
2011,179.936
2012,181.12
2013,185.472