1961,185.064
1962,202.224
1963,180.048
1964,182.688
1965,157.872
1966,169.752
1967,192.984
1968,220.968
1969,229.944
1970,219.12
1971,240.24
1972,209.88
1973,228.36
1974,256.872
1975,255.288
1976,244.464
1977,260.304
1978,239.712
1979,257.928
1980,276.936
1981,268.752
1982,265.32
1983,255.552
1984,247.104
1985,263.208
1986,270.072
1987,262.152
1988,279.312
1989,254.496
1990,325.512
1991,354.816
1992,349.8
1993,355.08
1994,356.928
1995,376.464
1996,416.328
1997,408.672
1998,368.808
1999,356.928
2000,445.896
2001,371.184
2002,371.712
2003,388.344
2004,396.264
2005,332.64
2006,350.592
2007,428.736
2008,392.04
2009,436.392
2010,379.632
2011,435.6
2012,457.512
2013,461.736