1961,655.165
1962,639.345
1963,652.085
1964,619.465
1965,589.12
1966,618.275
1967,613.935
1968,599.69
1969,592.48
1970,605.99
1971,596.155
1972,594.615
1973,590.24
1974,582.785
1975,569.345
1976,541.975
1977,573.755
1978,589.89
1979,586.25
1980,559.79
1981,564.585
1982,561.995
1983,547.365
1984,582.19
1985,590.135
1986,581.735
1987,583.1
1988,592.865
1989,594.195
1990,537.005
1991,548.555
1992,555.695
1993,526.96
1994,539.35
1995,543.515
1996,576.485
1997,562.135
1998,553.84
1999,575.33
2000,575.96
2001,577.115
2002,566.86
2003,554.47
2004,578.76
2005,532.385
2006,530.39
2007,551.25
2008,551.88
2009,564.165
2010,537.04
2011,571.06
2012,571.515
2013,540.295