1961,24581.592
1962,24672.645
1963,24196.995
1964,25807.41
1965,26398.575
1966,26133.57
1967,26058.825
1968,26531.757
1969,26569.809
1970,27079.434
1971,27239.796
1972,27402.876
1973,27798.345
1974,28163.916
1975,28090.53
1976,28322.919
1977,28249.533
1978,29354.4
1979,29491.659
1980,30163.005
1981,30209.211
1982,29823.255
1983,30437.523
1984,30828.915
1985,31042.278
1986,31085.766
1987,31330.386
1988,31338.54
1989,30911.814
1990,29555.532
1991,28562.103
1992,28225.071
1993,27542.853
1994,28007.631
1995,27680.112
1996,28154.403
1997,25933.797
1998,28761.876
1999,27934.245
2000,28076.94
2001,28905.93
2002,29862.666
2003,28881.468
2004,29562.327
2005,30028.464
2006,30152.133
2007,30668.553
2008,30486.447
2009,30782.709
2010,31248.846
2011,31405.131
2012,30461.985
2013,30481.011