1961,104.384
1962,102.56
1963,104.352
1964,107.936
1965,102.432
1966,107.552
1967,104.128
1968,111.424
1969,108.96
1970,113.856
1971,114.496
1972,115.968
1973,122.688
1974,121.888
1975,117.408
1976,123.264
1977,118.144
1978,123.456
1979,125.536
1980,124.544
1981,126.4
1982,128.256
1983,126.816
1984,120.288
1985,124.992
1986,128.544
1987,123.52
1988,126.56
1989,119.456
1990,92.832
1991,120.192
1992,126.816
1993,117.056
1994,110.624
1995,119.84
1996,108.224
1997,115.488
1998,109.728
1999,111.488
2000,112.192
2001,120.96
2002,117.248
2003,125.056
2004,125.76
2005,130.208
2006,123.072
2007,112.096
2008,123.264
2009,118.368
2010,122.944
2011,115.84
2012,110.56
2013,113.952