1961,37.9848
1962,40.413
1963,43.1376
1964,46.322
1965,46.4588
1966,48.4082
1967,48.4538
1968,50.0118
1969,52.7174
1970,56.3084
1971,56.5364
1972,58.5846
1973,60.9482
1974,58.8962
1975,60.8532
1976,62.1452
1977,62.9204
1978,60.3896
1979,61.522
1980,60.6138
1981,63.099
1982,67.7464
1983,65.3448
1984,62.1794
1985,61.0926
1986,63.3764
1987,62.206
1988,62.1148
1989,64.3454
1990,62.4606
1991,62.9052
1992,64.0034
1993,56.7112
1994,57.7106
1995,55.4762
1996,54.6478
1997,53.6788
1998,54.378
1999,55.1608
2000,54.34
2001,53.542
2002,52.0144
2003,48.887
2004,48.6096
2005,46.8958
2006,49.5254
2007,49.039
2008,47.424
2009,46.4474
2010,44.6424
2011,46.569
2012,45.847
2013,44.4068