1961,153.0955891
1962,149.7445783
1963,146.9223265
1964,149.4471513
1965,146.1952828
1966,144.9659179
1967,142.9632427
1968,141.1456333
1969,138.4225239
1970,136.5256007
1971,134.7674766
1972,132.0311483
1973,130.4713089
1974,129.4270097
1975,126.888966
1976,121.9186304
1977,124.496331
1978,129.5988564
1979,128.5809951
1980,125.9173711
1981,123.4189844
1982,122.8902253
1983,123.7626778
1984,127.781247
1985,131.0661629
1986,127.768028
1987,129.4204002
1988,129.5790279
1989,129.7640936
1990,113.313076
1991,113.1742767
1992,112.09693
1993,112.2819957
1994,112.4406235
1995,113.2271526
1996,114.6085358
1997,103.835069
1998,112.3480906
1999,113.5906745
2000,113.4518753
2001,117.4440065
2002,121.0395684
2003,114.0401198
2004,119.1756926
2005,116.1551562
2006,114.3177183
2007,119.3805867
2008,118.2569736
2009,119.1690831
2010,115.7519774
2011,119.6912327
2012,115.8577292
2013,113.3329045