1961,547.488
1962,557.472
1963,573.728
1964,567.456
1965,572.736
1966,542.272
1967,553.088
1968,558.912
1969,566.656
1970,569.248
1971,559.232
1972,560.992
1973,571.648
1974,576.064
1975,576.896
1976,595.584
1977,579.136
1978,598.304
1979,604.192
1980,624.512
1981,624.736
1982,628.416
1983,697.6
1984,714.88
1985,708.32
1986,701.632
1987,734.08
1988,771.616
1989,750.4
1990,705.792
1991,749.152
1992,739.328
1993,711.2
1994,737.952
1995,748.672
1996,736.128
1997,740.832
1998,716.096
1999,736.96
2000,722.24
2001,748.832
2002,790.88
2003,802.176
2004,772.864
2005,796.896
2006,814.816
2007,829.344
2008,809.408
2009,849.28
2010,826.08
2011,817.28
2012,818.112
2013,827.84