1961,368.41662
1962,406.9296
1963,401.11632
1964,421.4628
1965,461.4291
1966,450.5292
1967,438.90264
1968,457.06914
1969,462.15576
1970,469.42236
1971,502.12206
1972,513.02196
1973,503.57538
1974,470.87568
1975,531.18846
1976,529.73514
1977,523.92186
1978,541.3617
1979,604.58112
1980,613.30104
1981,640.18746
1982,669.25386
1983,654.72066
1984,638.73414
1985,657.6273
1986,687.42036
1987,705.58686
1988,692.50698
1989,718.66674
1990,810.95256
1991,767.35296
1992,765.17298
1993,808.77258
1994,724.48002
1995,664.8939
1996,667.80054
1997,693.23364
1998,709.22016
1999,717.94008
2000,648.18072
2001,645.27408
2002,640.91412
2003,624.9276
2004,624.9276
2005,524.64852
2006,547.90164
2007,609.66774
2008,602.40114
2009,566.7948
2010,515.20194
2011,582.05466
2012,629.28756
2013,557.34822