1961,71.98147432
1962,68.33770888
1963,61.97822624
1964,66.6954484
1965,70.56160328
1966,59.01018256
1967,61.09722192
1968,61.2212468
1969,58.3344608
1970,57.81270096
1971,65.65192872
1972,62.89772104
1973,56.25597488
1974,60.95609016
1975,55.40918432
1976,63.0388528
1977,55.87962352
1978,56.9017596
1979,56.16616376
1980,63.0174692
1981,57.64163216
1982,61.46501984
1983,57.51333056
1984,59.46351488
1985,53.7583704
1986,59.49772864
1987,63.41520416
1988,62.3973448
1989,63.09872688
1990,57.5432676
1991,60.46426736
1992,60.34879592
1993,61.15281928
1994,57.4363496
1995,59.65596728
1996,61.20413992
1997,60.65671976
1998,59.60464664
1999,57.36364536
2000,57.56037448
2001,58.163392
2002,52.817492
2003,53.71132648
2004,55.89245368
2005,59.44213128
2006,60.95609016
2007,59.9382308
2008,58.92037144
2009,58.377228
2010,59.75005512
2011,58.33018408
2012,52.93724016
2013,49.0112112