1961,4.94
1962,4.7994
1963,4.8336
1964,5.1224
1965,4.7196
1966,4.6778
1967,5.5936
1968,4.978
1969,4.7158
1970,5.8862
1971,6.289
1972,6.6804
1973,7.619
1974,7.3834
1975,6.5664
1976,8.588
1977,9.2492
1978,9.4392
1979,9.0402
1980,8.8312
1981,9.7394
1982,10.089
1983,10.146
1984,10.0472
1985,10.0928
1986,9.7394
1987,9.1124
1988,9.6748
1989,13.642
1990,13.3494
1991,13.0188
1992,11.5406
1993,10.6096
1994,12.407
1995,13.832
1996,15.01
1997,16.093
1998,17.8486
1999,19.798
2000,20.8164
2001,21.5764
2002,22.5872
2003,23.3282
2004,30.2784
2005,31.597
2006,31.9048
2007,32.0644
2008,32.0226
2009,32.1404
2010,28.481
2011,31.4488
2012,31.3538
2013,31.8326