1961,175.136
1962,171.104
1963,178.24
1964,171.264
1965,168.768
1966,187.872
1967,187.584
1968,184.576
1969,174.016
1970,173.28
1971,163.296
1972,153.76
1973,151.904
1974,153.6
1975,137.312
1976,146.688
1977,164.384
1978,168.128
1979,176.288
1980,161.696
1981,169.984
1982,160.992
1983,163.648
1984,164.128
1985,163.328
1986,168.448
1987,166.72
1988,168.192
1989,168.224
1990,162.08
1991,162.4
1992,165.984
1993,151.36
1994,162.464
1995,154.656
1996,160.16
1997,158.592
1998,150.88
1999,143.648
2000,140
2001,134.912
2002,134.592
2003,132.32
2004,125.76
2005,118.688
2006,116.384
2007,114.432
2008,114.72
2009,120.064
2010,119.2
2011,117.856
2012,118.816
2013,117.088