1961,72.128
1962,80.672
1963,87.04
1964,102.496
1965,104.032
1966,111.008
1967,106.72
1968,106.048
1969,91.904
1970,102.272
1971,102.528
1972,116.096
1973,125.184
1974,119.2
1975,117.632
1976,131.616
1977,113.728
1978,112.416
1979,109.6
1980,104.352
1981,112.992
1982,110.176
1983,103.232
1984,105.984
1985,107.52
1986,112.608
1987,132.64
1988,142.912
1989,144.896
1990,124.96
1991,138.624
1992,139.264
1993,140.704
1994,139.648
1995,139.616
1996,136.896
1997,132.64
1998,129.184
1999,142.464
2000,159.68
2001,170.368
2002,191.04
2003,192.992
2004,198.592
2005,208.544
2006,243.168
2007,264.672
2008,256.032
2009,246.656
2010,250.944
2011,257.024
2012,243.68
2013,228.064