1961,826.21242
1962,963.55116
1963,826.93908
1964,832.75236
1965,919.95156
1966,903.23838
1967,1000.61082
1968,943.20468
1969,989.71092
1970,876.35196
1971,893.7918
1972,953.37792
1973,946.11132
1974,895.97178
1975,985.35096
1976,876.35196
1977,816.76584
1978,866.17872
1979,1061.65026
1980,1087.81002
1981,1094.34996
1982,1074.73014
1983,998.43084
1984,1002.06414
1985,1150.30278
1986,962.09784
1987,1113.24312
1988,1002.7908
1989,952.65126
1990,944.658
1991,1039.1238
1992,1045.66374
1993,1016.59734
1994,948.2913
1995,939.57138
1996,949.74462
1997,922.8582
1998,1009.33074
1999,934.48476
2000,994.79754
2001,895.97178
2002,948.2913
2003,954.83124
2004,978.08436
2005,1034.76384
2006,972.99774
2007,1033.31052
2008,947.56464
2009,949.01796
2010,894.51846
2011,856.73214
2012,962.8245
2013,964.27782