1961,70.518
1962,50.589
1963,40.3179
1964,33.1128
1965,30.66
1966,33.726
1967,26.061
1968,38.7849
1969,43.9971
1970,69.9048
1971,69.2916
1972,70.6713
1973,76.8033
1974,72.8175
1975,72.5109
1976,61.6266
1977,68.3718
1978,69.9048
1979,74.1972
1980,69.7515
1981,81.0957
1982,85.0815
1983,89.5272
1984,96.579
1985,99.3384
1986,97.6521
1987,83.2419
1988,81.249
1989,83.7018
1990,78.183
1991,77.2632
1992,81.0957
1993,80.6358
1994,78.3363
1995,79.1028
1996,80.1759
1997,85.848
1998,88.6074
1999,96.579
2000,92.5932
2001,94.7394
2002,93.9729
2003,97.8054
2004,104.244
2005,109.4562
2006,105.9303
2007,95.1993
2008,96.4257
2009,106.5435
2010,113.1354
2011,106.6968
2012,112.9821
2013,107.1567