1961,306.915
1962,237.37
1963,252.105
1964,254.52
1965,287.525
1966,233.03
1967,263.48
1968,228.13
1969,208.705
1970,211.785
1971,286.825
1972,250.565
1973,216.58
1974,255.99
1975,248.885
1976,271.32
1977,234.36
1978,263.305
1979,261.415
1980,327.46
1981,282.17
1982,311.815
1983,275.765
1984,282.59
1985,252.875
1986,295.715
1987,307.965
1988,312.305
1989,312.27
1990,309.26
1991,319.165
1992,329.035
1993,337.96
1994,348.845
1995,353.675
1996,374.605
1997,377.79
1998,394.065
1999,378.98
2000,380.555
2001,383.39
2002,370.825
2003,381.71
2004,415.24
2005,443.975
2006,482.09
2007,476
2008,445.025
2009,445.55
2010,453.005
2011,451.675
2012,400.365
2013,362.25