1961,1236.896
1962,1283.36
1963,1238.336
1964,1241.312
1965,1217.696
1966,1213.76
1967,1227.328
1968,1211.296
1969,1174.592
1970,1208.64
1971,1215.744
1972,1220.672
1973,1214.784
1974,1225.216
1975,1275.648
1976,1133.696
1977,1094.816
1978,1047.072
1979,1032.8
1980,1060.032
1981,1039.328
1982,1001.024
1983,1088.64
1984,1070.08
1985,1048.8
1986,990.112
1987,1009.824
1988,847.36
1989,801.76
1990,847.552
1991,808.736
1992,807.072
1993,781.536
1994,825.888
1995,821.28
1996,828.448
1997,839.168
1998,783.392
1999,782.4
2000,761.856
2001,805.824
2002,800.672
2003,803.072
2004,782.144
2005,746.112
2006,783.648
2007,782.624
2008,784
2009,812.576
2010,793.6
2011,786.88
2012,783.36
2013,722.624