1961,31095.279
1962,32647.257
1963,29546.019
1964,31554.621
1965,31553.262
1966,30881.916
1967,29452.248
1968,30218.724
1969,29758.023
1970,31806.036
1971,32413.509
1972,33882.588
1973,33154.164
1974,33523.812
1975,35247.024
1976,33798.33
1977,32764.131
1978,33241.14
1979,34480.548
1980,32444.766
1981,33936.948
1982,36288.018
1983,35579.979
1984,41280.984
1985,39792.879
1986,36846.567
1987,36642.717
1988,37142.829
1989,39663.774
1990,39208.509
1991,38625.498
1992,35796.06
1993,37248.831
1994,33404.22
1995,36129.015
1996,33140.574
1997,34216.902
1998,33762.996
1999,35033.661
2000,35537.85
2001,36131.733
2002,36690.282
2003,36839.772
2004,35865.369
2005,36399.456
2006,37804.662
2007,40034.781
2008,39239.766
2009,37710.891
2010,37331.73
2011,38939.427
2012,38541.24
2013,38429.802