1961,169.792
1962,161.408
1963,167.488
1964,166.592
1965,170.752
1966,169.952
1967,174.336
1968,177.376
1969,174.464
1970,173.792
1971,177.568
1972,159.136
1973,171.168
1974,160.992
1975,165.056
1976,153.312
1977,153.632
1978,162.88
1979,152.448
1980,143.552
1981,134.976
1982,137.888
1983,132.992
1984,137.28
1985,134.592
1986,133.76
1987,112.608
1988,115.808
1989,115.072
1990,134.784
1991,122.592
1992,133.728
1993,134.784
1994,138.656
1995,129.984
1996,118.304
1997,117.952
1998,104.672
1999,109.472
2000,116.384
2001,114.592
2002,91.424
2003,108.16
2004,104.864
2005,108.128
2006,111.776
2007,90.208
2008,92.128
2009,99.392
2010,89.792
2011,91.584
2012,93.312
2013,88.32