1961,42.24
1962,53.592
1963,41.976
1964,54.12
1965,43.824
1966,53.856
1967,74.976
1968,105.6
1969,108.768
1970,142.56
1971,124.344
1972,118.536
1973,130.416
1974,106.656
1975,101.64
1976,115.896
1977,100.848
1978,111.144
1979,130.416
1980,140.976
1981,143.616
1982,162.888
1983,161.304
1984,205.392
1985,249.48
1986,291.192
1987,281.952
1988,274.032
1989,340.824
1990,341.88
1991,303.6
1992,274.824
1993,276.672
1994,293.04
1995,258.72
1996,286.176
1997,320.496
1998,278.52
1999,331.584
2000,314.424
2001,268.488
2002,266.904
2003,264
2004,327.888
2005,270.6
2006,271.128
2007,305.448
2008,294.36
2009,321.552
2010,326.04
2011,298.584
2012,298.584
2013,271.128