1961,627.025
1962,631.54
1963,617.645
1964,621.215
1965,611.415
1966,587.755
1967,574.035
1968,570.885
1969,585.165
1970,588.07
1971,570.85
1972,601.44
1973,609.49
1974,622.3
1975,624.365
1976,620.27
1977,700.595
1978,719.6
1979,743.575
1980,740.46
1981,746.83
1982,762.51
1983,655.97
1984,687.12
1985,688.485
1986,697.655
1987,688.66
1988,689.465
1989,669.445
1990,691.985
1991,702.38
1992,712.53
1993,703.745
1994,728.07
1995,691.25
1996,718.83
1997,691.67
1998,716.065
1999,708.015
2000,688.52
2001,698.46
2002,693.245
2003,697.095
2004,681.94
2005,598.92
2006,631.68
2007,624.33
2008,646.52
2009,629.37
2010,643.79
2011,651.735
2012,659.785
2013,657.72