1961,908.736
1962,931.328
1963,943.424
1964,946.816
1965,936.224
1966,957.632
1967,1012.896
1968,977.728
1969,996.704
1970,1023.744
1971,1001.408
1972,994.24
1973,1002.752
1974,1015.296
1975,958.496
1976,974.048
1977,979.584
1978,1154.848
1979,1023.168
1980,1123.264
1981,1022.624
1982,877.76
1983,853.504
1984,850.304
1985,930.752
1986,964
1987,1070.848
1988,1055.168
1989,954.208
1990,896.128
1991,937.664
1992,813.44
1993,847.84
1994,737.344
1995,792.192
1996,810.336
1997,861.248
1998,895.072
1999,940.224
2000,999.392
2001,1043.04
2002,982.112
2003,1082.912
2004,1032.16
2005,927.072
2006,816.064
2007,929.184
2008,961.536
2009,848.544
2010,850.528
2011,942.656
2012,834.688
2013,933.952