1961,76.2993
1962,96.64578
1963,101.00574
1964,99.55242
1965,95.91912
1966,101.7324
1967,129.34548
1968,132.25212
1969,135.15876
1970,167.85846
1971,134.4321
1972,170.7651
1973,166.40514
1974,159.13854
1975,164.95182
1976,183.11832
1977,135.15876
1978,122.80554
1979,148.23864
1980,135.15876
1981,115.53894
1982,145.332
1983,170.03844
1984,194.74488
1985,211.45806
1986,231.80454
1987,148.9653
1988,241.25112
1989,236.89116
1990,263.77758
1991,300.83724
1992,302.29056
1993,221.6313
1994,176.57838
1995,183.84498
1996,175.12506
1997,340.07688
1998,327.72366
1999,265.2309
2000,219.45132
2001,224.53794
2002,268.13754
2003,297.20394
2004,345.1635
2005,343.71018
2006,326.997
2007,406.20294
2008,346.61682
2009,290.664
2010,261.5976
2011,282.67074
2012,293.57064
2013,260.87094