 1961,189.7848384
1962,187.815211
1963,185.5084997
1964,180.9677814
1965,178.456176
1966,174.338465
1967,171.0138925
1968,169.8572321
1969,166.631802
1970,161.8002662
1971,161.4499634
1972,168.1255463
1973,166.7639917
1974,166.1096524
1975,157.9271063
1976,153.954804
1977,168.7732761
1978,164.0474922
1979,169.9431555
1980,164.8604592
1981,165.8717108
1982,172.957082
1983,175.8454282
1984,173.6841257
1985,173.9617242
1986,173.3338228
1987,171.0601589
1988,169.4342249
1989,169.3879585
1990,169.8572321
1991,166.3938604
1992,168.4097542
1993,165.5412364
1994,168.4097542
1995,164.9331636
1996,167.6959295
1997,164.7679264
1998,167.6959295
1999,167.8215098
2000,164.0541016
2001,160.1611132
2002,156.2218584
2003,158.8326061
2004,158.3501135
2005,141.7867366
2006,153.4458734
2007,144.4239223
2008,147.1073744
2009,147.2065167
2010,149.3744288
2011,144.285123
2012,142.9698349
2013,144.1661523