1961,30712.041
1962,30668.553
1963,30733.785
1964,30400.83
1965,30690.297
1966,30233.673
1967,29718.612
1968,29917.026
1969,29986.335
1970,29976.822
1971,30612.834
1972,30349.188
1973,29925.18
1974,32068.323
1975,31725.855
1976,31993.578
1977,31652.469
1978,30379.086
1979,30784.068
1980,30528.576
1981,31522.005
1982,33536.043
1983,33523.812
1984,33294.141
1985,33364.809
1986,34057.899
1987,33741.252
1988,33483.042
1989,33075.342
1990,33601.275
1991,33288.705
1992,33449.067
1993,33016.905
1994,32443.407
1995,32231.403
1996,32083.272
1997,32564.358
1998,34114.977
1999,35070.354
2000,34297.083
2001,34548.498
2002,33935.589
2003,33882.588
2004,34375.905
2005,33621.66
2006,35647.929
2007,33560.505
2008,33534.684
2009,34121.772
2010,34153.029
2011,32867.415
2012,32980.212
2013,33296.859