1961,22.4846
1962,22.7962
1963,23.655
1964,24.3238
1965,23.8298
1966,24.3694
1967,24.7038
1968,27.4816
1969,27.7362
1970,29.3588
1971,31.2398
1972,32.7332
1973,32.8358
1974,32.6078
1975,32.0568
1976,31.54
1977,30.9244
1978,31.8668
1979,33.5502
1980,32.9422
1981,32.471
1982,30.894
1983,29.6324
1984,30.3354
1985,30.59
1986,32.5318
1987,32.5204
1988,32.4482
1989,36.0354
1990,37.1944
1991,49.8712
1992,50.4716
1993,54.568
1994,58.4136
1995,58.7518
1996,74.0506
1997,77.52
1998,79.7088
1999,81.5366
2000,78.66
2001,79.9178
2002,82.7108
2003,64.7102
2004,63.631
2005,66.6748
2006,63.9084
2007,67.0472
2008,62.0464
2009,56.3958
2010,57.874
2011,60.097
2012,58.2502
2013,63.3194