1961,73.344
1962,83.552
1963,88.192
1964,89.024
1965,88.224
1966,94.72
1967,98.624
1968,97.216
1969,105.792
1970,102.4
1971,103.52
1972,97.376
1973,108.416
1974,92.864
1975,88.704
1976,94.88
1977,85.824
1978,96.448
1979,104.352
1980,104.16
1981,103.424
1982,109.952
1983,108.096
1984,110.848
1985,107.52
1986,111.552
1987,114.4
1988,124.032
1989,128.32
1990,124.992
1991,126.88
1992,139.68
1993,125.984
1994,122.752
1995,122.016
1996,139.168
1997,123.744
1998,120.576
1999,124.48
2000,139.712
2001,137.728
2002,138.784
2003,145.504
2004,116.544
2005,102.432
2006,121.632
2007,138.176
2008,145.792
2009,123.136
2010,117.888
2011,133.92
2012,124.768
2013,152.896