1961,136.992
1962,168.64
1963,141.568
1964,181.12
1965,157.184
1966,169.728
1967,180.096
1968,166.016
1969,162.56
1970,173.28
1971,185.216
1972,198.24
1973,183.008
1974,179.296
1975,190.24
1976,192.896
1977,191.776
1978,169.248
1979,219.104
1980,150.816
1981,220.032
1982,200.736
1983,229.216
1984,233.472
1985,226.784
1986,243.936
1987,238.304
1988,225.024
1989,199.104
1990,221.312
1991,185.6
1992,196.064
1993,199.488
1994,175.232
1995,207.552
1996,217.28
1997,242.464
1998,235.936
1999,253.76
2000,255.36
2001,247.456
2002,262.56
2003,262.432
2004,315.584
2005,312.096
2006,276.352
2007,275.52
2008,262.624
2009,263.904
2010,241.376
2011,231.648
2012,275.456
2013,249.312