1961,496
1962,526.912
1963,473.152
1964,475.552
1965,480.704
1966,487.2
1967,506.336
1968,529.6
1969,539.456
1970,571.296
1971,568.16
1972,568.352
1973,601.888
1974,618.432
1975,626.144
1976,665.44
1977,668.928
1978,651.584
1979,638.336
1980,573.536
1981,590.432
1982,614.656
1983,636.48
1984,647.776
1985,634.08
1986,650.432
1987,652.576
1988,676.384
1989,620.288
1990,704.8
1991,679.488
1992,681.888
1993,687.84
1994,705.184
1995,703.328
1996,670.176
1997,688.608
1998,687.584
1999,672.672
2000,653.92
2001,665.472
2002,665.216
2003,613.472
2004,608.544
2005,604.032
2006,573.888
2007,595.488
2008,624.128
2009,581.952
2010,586.912
2011,591.072
2012,611.392
2013,619.52