1961,111.776
1962,113.664
1963,112.96
1964,116.32
1965,121.28
1966,117.12
1967,118.88
1968,122.496
1969,124
1970,131.264
1971,128.192
1972,127.744
1973,128.128
1974,123.2
1975,109.696
1976,109.984
1977,112.672
1978,113.952
1979,115.232
1980,108.928
1981,110.304
1982,111.616
1983,112.128
1984,119.2
1985,122.304
1986,127.104
1987,128.544
1988,126.4
1989,132.256
1990,133.248
1991,135.616
1992,135.104
1993,133.824
1994,137.792
1995,142.048
1996,157.248
1997,161.152
1998,162.336
1999,163.968
2000,164.096
2001,133.76
2002,136.512
2003,119.36
2004,78.688
2005,78.112
2006,75.232
2007,74.464
2008,70.816
2009,77.44
2010,78.496
2011,79.392
2012,79.136
2013,78.336