1961,122.6654878
1962,120.8677071
1963,119.1756781
1964,118.8914701
1965,114.555646
1966,116.1022662
1967,118.6469191
1968,120.8743165
1969,120.6165465
1970,123.8023197
1971,128.5082752
1972,125.0647319
1973,126.6245711
1974,126.5783047
1975,125.7058523
1976,129.2749758
1977,129.2154904
1978,128.1183154
1979,127.8208884
1980,130.8943004
1981,129.1031291
1982,129.4468225
1983,127.4838045
1984,120.7156888
1985,128.072049
1986,132.3483877
1987,137.3715986
1988,124.4500496
1989,130.0350669
1990,123.67013
1991,115.7255254
1992,126.3271441
1993,125.4018158
1994,128.7990927
1995,126.5452572
1996,121.2774953
1997,121.746769
1998,122.5927834
1999,123.1545899
2000,118.0388462
2001,126.8955601
2002,129.3542896
2003,127.8935928
2004,132.8837562
2005,132.0245228
2006,132.5004059
2007,120.3852144
2008,124.7210386
2009,122.3482324
2010,126.109031
2011,123.1545899
2012,122.0838528
2013,121.436123