1961,5.2972
1962,5.4986
1963,5.9698
1964,5.8406
1965,6.118
1966,5.9318
1967,4.9552
1968,5.6392
1969,5.8976
1970,5.8254
1971,5.8482
1972,5.6202
1973,5.795
1974,5.6696
1975,5.6962
1976,5.8406
1977,5.9014
1978,6.0344
1979,5.9052
1980,5.5898
1981,5.7836
1982,5.624
1983,5.7722
1984,5.4682
1985,6.2206
1986,6.251
1987,6.2586
1988,6.1332
1989,5.6354
1990,5.8786
1991,5.3846
1992,5.3428
1993,6.1826
1994,5.3656
1995,5.6468
1996,5.2782
1997,5.6126
1998,5.491
1999,5.4036
2000,5.6506
2001,5.6012
2002,5.7836
2003,6.308
2004,6.555
2005,6.536
2006,6.0344
2007,6.2548
2008,6.688
2009,6.4638
2010,6.9198
2011,7.1402
2012,7.5848
2013,7.6114