1961,201.28482
1962,196.1982
1963,206.37144
1964,231.80454
1965,200.55816
1966,223.81128
1967,223.08462
1968,263.77758
1969,255.78432
1970,244.15776
1971,221.6313
1972,252.15102
1973,255.05766
1974,236.89116
1975,311.01048
1976,449.80254
1977,226.71792
1978,313.91712
1979,292.84398
1980,232.5312
1981,338.62356
1982,353.15676
1983,448.34922
1984,379.31652
1985,387.30978
1986,428.7294
1987,390.21642
1988,456.34248
1989,414.92286
1990,423.64278
1991,457.06914
1992,453.43584
1993,481.04892
1994,508.662
1995,614.0277
1996,568.97478
1997,471.60234
1998,638.00748
1999,599.4945
2000,486.13554
2001,539.18172
2002,466.51572
2003,542.08836
2004,536.27508
2005,540.63504
2006,487.58886
2007,550.08162
2008,515.9286
2009,452.70918
2010,563.1615
2011,503.57538
2012,556.62156
2013,579.14802