1961,660.345
1962,680.96
1963,687.75
1964,695.485
1965,664.58
1966,658.245
1967,643.37
1968,675.08
1969,736.295
1970,756.945
1971,764.89
1972,756.77
1973,699.86
1974,684.81
1975,775.81
1976,687.05
1977,659.33
1978,707.105
1979,651.56
1980,676.41
1981,669.165
1982,623.56
1983,724.045
1984,712.39
1985,671.58
1986,689.43
1987,705.95
1988,729.26
1989,817.6
1990,807.66
1991,725.41
1992,767.935
1993,812.945
1994,935.865
1995,1028.23
1996,943.81
1997,917.42
1998,1010.66
1999,1079.365
2000,979.79
2001,971.215
2002,994
2003,954.87
2004,994.315
2005,865.27
2006,798.035
2007,748.23
2008,743.82
2009,759.92
2010,704.585
2011,729.12
2012,740.425
2013,755.58