1961,29796.075
1962,30649.527
1963,29895.282
1964,30156.21
1965,29907.513
1966,31004.226
1967,30737.862
1968,31626.648
1969,31638.879
1970,32115.888
1971,33994.026
1972,32864.697
1973,33472.17
1974,32761.413
1975,33040.008
1976,33328.116
1977,34144.875
1978,32927.211
1979,34866.504
1980,33718.149
1981,33586.326
1982,34341.93
1983,34441.137
1984,34056.54
1985,35036.379
1986,35274.204
1987,36601.947
1988,34954.839
1989,35524.26
1990,34570.242
1991,34972.506
1992,35679.186
1993,35630.262
1994,35605.8
1995,34582.473
1996,33969.564
1997,33924.717
1998,33655.635
1999,33052.239
2000,35014.635
2001,36586.998
2002,38163.438
2003,38299.338
2004,39370.23
2005,39224.817
2006,39519.72
2007,38391.75
2008,38588.805
2009,37424.142
2010,38523.573
2011,38564.343
2012,38023.461
2013,37308.627