1961,44.3156
1962,44.7564
1963,44.5208
1964,43.0996
1965,46.17
1966,46.2916
1967,45.8584
1968,48.4424
1969,48.3436
1970,48.146
1971,47.7508
1972,47.2226
1973,47.6026
1974,47.8914
1975,45.0794
1976,43.1262
1977,41.5264
1978,41.9254
1979,41.648
1980,41.2224
1981,39.5086
1982,38.7296
1983,39.3946
1984,38.19
1985,36.7118
1986,34.9676
1987,33.8162
1988,33.2082
1989,32.7522
1990,32.395
1991,32.661
1992,30.6926
1993,30.419
1994,30.514
1995,30.9168
1996,30.7534
1997,30.4494
1998,29.8072
1999,29.9326
2000,30.5292
2001,30.7496
2002,28.4012
2003,30.1796
2004,29.45
2005,28.0516
2006,26.4974
2007,27.0408
2008,24.7836
2009,23.2066
2010,22.4732
2011,22.6176
2012,22.3972
2013,22.1844