1961,154.9660556
1962,149.810655
1963,151.4035416
1964,148.3169107
1965,146.5521774
1966,147.6493524
1967,150.3460235
1968,153.412826
1969,153.7102529
1970,152.7122202
1971,152.4015743
1972,146.9685752
1973,150.663279
1974,142.7715503
1975,143.6902691
1976,138.4753831
1977,142.943397
1978,143.8026304
1979,151.5159029
1980,147.6625714
1981,140.5441528
1982,131.3966214
1983,125.2365786
1984,132.0245228
1985,128.6206365
1986,134.2915772
1987,132.6524242
1988,132.6259862
1989,133.3199824
1990,131.9650374
1991,133.584362
1992,132.2228074
1993,128.5281036
1994,128.4752277
1995,129.0568627
1996,130.3853698
1997,131.4891543
1998,133.2472781
1999,132.6788621
2000,134.7211939
2001,134.4766428
2002,133.1944022
2003,130.5968734
2004,131.9782564
2005,129.0105963
2006,129.0965196
2007,129.0502532
2008,127.5697279
2009,130.1408187
2010,128.0918774
2011,127.5234615
2012,127.9662972
2013,128.8123116