1961,78.656
1962,80.16
1963,83.456
1964,87.488
1965,85.952
1966,87.68
1967,90.048
1968,90.304
1969,94.944
1970,96.512
1971,96.544
1972,103.648
1973,109.824
1974,112.512
1975,91.52
1976,101.408
1977,98.784
1978,101.536
1979,105.536
1980,108.16
1981,107.68
1982,99.104
1983,96.032
1984,92.992
1985,86.816
1986,88.32
1987,88.448
1988,88.256
1989,89.28
1990,92.48
1991,94.816
1992,93.568
1993,93.408
1994,91.936
1995,91.712
1996,92.672
1997,96.8
1998,98.624
1999,88.768
2000,93.632
2001,96.64
2002,95.712
2003,95.04
2004,96.864
2005,96.096
2006,89.504
2007,88.896
2008,88.896
2009,88.288
2010,90.24
2011,92.736
2012,95.392
2013,97.888