1961,219.072
1962,213.024
1963,257.536
1964,262.016
1965,250.112
1966,265.856
1967,252.224
1968,261.152
1969,254.528
1970,262.336
1971,247.392
1972,232.768
1973,229.12
1974,212.704
1975,198.048
1976,206.592
1977,181.6
1978,202.208
1979,202.176
1980,203.392
1981,199.744
1982,216.64
1983,212.864
1984,213.216
1985,205.216
1986,209.504
1987,212.32
1988,224.128
1989,235.072
1990,249.824
1991,231.04
1992,259.264
1993,231.392
1994,226.752
1995,217.76
1996,211.712
1997,187.232
1998,207.52
1999,230.336
2000,232.928
2001,225.248
2002,244.096
2003,199.392
2004,256.192
2005,241.696
2006,237.728
2007,230.08
2008,244.832
2009,250.4
2010,225.504
2011,210.368
2012,187.392
2013,217.536