1961,660.065
1962,606.375
1963,677.705
1964,693.595
1965,690.375
1966,713.86
1967,708.225
1968,709.205
1969,770.315
1970,758.31
1971,704.025
1972,654.78
1973,678.895
1974,702.66
1975,719.145
1976,671.755
1977,678.895
1978,679.525
1979,709.555
1980,736.05
1981,716.975
1982,744.695
1983,733.18
1984,739.48
1985,732.41
1986,748.755
1987,752.64
1988,760.13
1989,766.605
1990,752.255
1991,780.71
1992,817.005
1993,713.37
1994,762.965
1995,751.87
1996,757.96
1997,759.08
1998,754.46
1999,783.055
2000,839.79
2001,705.95
2002,647.465
2003,739.76
2004,835.205
2005,779.415
2006,698.285
2007,689.92
2008,668.15
2009,751.835
2010,658.945
2011,641.2
2012,602.91
2013,585.48