1961,469.472
1962,463.84
1963,484.416
1964,480.192
1965,490.816
1966,524.448
1967,571.072
1968,589.984
1969,582.688
1970,588.224
1971,590.528
1972,628.576
1973,649.568
1974,655.904
1975,646.08
1976,657.152
1977,690.4
1978,725.824
1979,794.688
1980,802.528
1981,803.84
1982,837.664
1983,862.144
1984,858.112
1985,888.64
1986,858.016
1987,844.544
1988,838.368
1989,828.416
1990,818.112
1991,808.896
1992,796.96
1993,774.304
1994,779.232
1995,747.264
1996,810.528
1997,799.84
1998,881.504
1999,869.568
2000,859.04
2001,866.048
2002,860.64
2003,838.688
2004,837.568
2005,867.2
2006,861.728
2007,826.08
2008,857.824
2009,826.496
2010,824.288
2011,834.496
2012,817.408
2013,790.016