1961,31638.879
1962,31826.421
1963,32244.993
1964,32683.95
1965,33386.553
1966,33729.021
1967,34581.114
1968,34988.814
1969,35161.407
1970,36433.431
1971,36778.617
1972,35997.192
1973,37396.962
1974,35772.957
1975,35870.805
1976,35626.185
1977,35775.675
1978,37001.493
1979,38558.907
1980,38560.266
1981,37286.883
1982,35252.46
1983,34961.634
1984,36380.43
1985,36063.783
1986,36782.694
1987,37304.55
1988,37315.422
1989,37633.428
1990,37485.297
1991,38560.266
1992,37660.608
1993,36989.262
1994,36877.824
1995,37330.371
1996,38015.307
1997,37959.588
1998,38630.934
1999,38727.423
2000,38770.911
2001,39265.587
2002,38993.787
2003,38605.113
2004,38389.032
2005,38125.386
2006,38318.364
2007,38507.265
2008,38083.257
2009,38795.373
2010,38503.188
2011,38239.542
2012,38143.053
2013,38197.413