1961,183.84498
1962,194.01822
1963,199.10484
1964,203.4648
1965,207.0981
1966,204.19146
1967,243.4311
1968,245.61108
1969,253.60434
1970,267.41088
1971,284.85072
1972,284.85072
1973,321.91038
1974,323.3637
1975,308.10384
1976,330.6303
1977,279.03744
1978,297.9306
1979,344.43684
1980,341.5302
1981,345.89016
1982,375.68322
1983,381.4965
1984,348.07014
1985,445.44258
1986,393.84972
1987,408.38292
1988,400.38966
1989,408.38292
1990,455.61582
1991,406.9296
1992,398.93634
1993,454.1625
1994,455.61582
1995,457.06914
1996,461.4291
1997,474.50898
1998,483.95556
1999,499.94208
2000,530.4618
2001,530.4618
2002,502.84872
2003,545.72166
2004,509.38866
2005,552.98826
2006,540.63504
2007,531.18846
2008,539.18172
2009,527.55516
2010,529.73514
2011,532.64178
2012,499.94208
2013,512.2953