1961,289.08
1962,346.368
1963,344.256
1964,324.72
1965,337.656
1966,344.784
1967,374.088
1968,395.736
1969,416.592
1970,465.168
1971,474.408
1972,503.712
1973,467.544
1974,476.256
1975,482.064
1976,458.832
1977,400.752
1978,489.72
1979,497.112
1980,488.664
1981,487.344
1982,471.768
1983,476.256
1984,483.12
1985,507.144
1986,559.944
1987,581.064
1988,581.064
1989,575.784
1990,570.768
1991,598.752
1992,537.24
1993,547.272
1994,571.56
1995,598.752
1996,571.824
1997,581.856
1998,608.784
1999,623.568
2000,613.008
2001,617.496
2002,615.384
2003,610.896
2004,604.032
2005,572.088
2006,642.576
2007,660
2008,654.984
2009,621.72
2010,657.096
2011,684.288
2012,674.256
2013,662.64