1961,780.96
1962,786.816
1963,770.688
1964,783.84
1965,795.424
1966,844.448
1967,795.424
1968,806.88
1969,779.712
1970,764.864
1971,785.248
1972,787.648
1973,793.408
1974,744.064
1975,754.976
1976,753.6
1977,673.088
1978,642.976
1979,691.68
1980,684.448
1981,683.2
1982,718.4
1983,745.088
1984,744.416
1985,717.92
1986,729.824
1987,727.616
1988,747.008
1989,782.624
1990,745.504
1991,743.232
1992,759.488
1993,761.696
1994,783.616
1995,766.304
1996,775.104
1997,755.52
1998,684.736
1999,700.192
2000,688.288
2001,688.384
2002,723.36
2003,672.288
2004,634.72
2005,686.112
2006,747.712
2007,712.576
2008,732.352
2009,697.856
2010,757.28
2011,720.672
2012,724.064
2013,750.368