1961,23626.215
1962,23043.204
1963,22945.356
1964,21580.92
1965,21286.017
1966,22211.496
1967,22105.494
1968,22068.801
1969,21719.538
1970,21594.51
1971,21614.895
1972,21964.158
1973,22638.222
1974,23145.129
1975,22683.069
1976,23433.237
1977,23222.592
1978,22893.714
1979,23775.705
1980,22971.177
1981,23741.73
1982,24279.894
1983,23941.503
1984,24358.716
1985,24856.11
1986,23849.091
1987,24137.199
1988,24623.721
1989,23247.054
1990,23687.37
1991,24650.901
1992,24781.365
1993,26678.529
1994,25808.769
1995,28256.328
1996,28647.72
1997,26989.74
1998,28869.237
1999,26319.753
2000,26577.963
2001,26633.682
2002,25796.538
2003,24838.443
2004,26616.015
2005,26516.808
2006,26558.937
2007,26510.013
2008,27882.603
2009,27409.671
2010,27575.469
2011,26738.325
2012,29181.807
2013,28481.922