1961,123.84
1962,121.472
1963,138.88
1964,174.432
1965,141.984
1966,140.384
1967,188.48
1968,183.168
1969,186.144
1970,189.632
1971,194.496
1972,154.432
1973,159.264
1974,163.232
1975,150.144
1976,188
1977,150.496
1978,197.376
1979,201.792
1980,201.12
1981,154.368
1982,193.92
1983,187.008
1984,195.712
1985,163.072
1986,184.992
1987,197.12
1988,195.072
1989,198.048
1990,174.016
1991,164.608
1992,231.36
1993,202.976
1994,202.144
1995,202.976
1996,178.72
1997,150.112
1998,169.664
1999,195.2
2000,197.024
2001,172.928
2002,186.752
2003,185.376
2004,177.344
2005,193.056
2006,189.312
2007,194.272
2008,153.12
2009,151.744
2010,196.192
2011,202.432
2012,160.544
2013,187.104