1961,417.10284
1962,373.50324
1963,435.996
1964,466.51572
1965,436.72266
1966,441.80928
1967,480.32226
1968,505.75536
1969,551.53494
1970,482.50224
1971,523.92186
1972,600.94782
1973,587.86794
1974,537.00174
1975,634.37418
1976,664.16724
1977,452.70918
1978,550.80828
1979,610.3944
1980,571.88142
1981,636.55416
1982,690.327
1983,717.94008
1984,699.04692
1985,721.57338
1986,724.48002
1987,798.59934
1988,678.70044
1989,623.47428
1990,761.53968
1991,741.1932
1992,845.10558
1993,744.8265
1994,759.3597
1995,657.6273
1996,733.19994
1997,681.60708
1998,485.40888
1999,579.14802
2000,644.54742
2001,648.18072
2002,644.54742
2003,731.01996
2004,653.26734
2005,536.27508
2006,596.58786
2007,566.06814
2008,296.47728
2009,316.82376
2010,264.50424
2011,129.34548
2012,132.25212
2013,177.30504