1961,11.2138
1962,11.761
1963,13.1708
1964,14.6832
1965,15.7624
1966,16.53
1967,18.5136
1968,18.8328
1969,21.6828
1970,24.2744
1971,26.3188
1972,28.3746
1973,31.673
1974,32.8434
1975,34.3444
1976,36.5484
1977,36.8828
1978,37.2704
1979,37.2818
1980,38.2166
1981,39.4706
1982,36.689
1983,38.5928
1984,37.601
1985,38.6802
1986,38.2736
1987,37.7302
1988,37.9658
1989,39.9114
1990,40.8348
1991,41.2794
1992,41.7468
1993,37.9772
1994,37.5174
1995,37.487
1996,34.6142
1997,43.8216
1998,44.7108
1999,42.5752
2000,40.9754
2001,39.1704
2002,37.5744
2003,37.506
2004,37.1716
2005,37.5478
2006,36.4002
2007,38.228
2008,35.0094
2009,33.5464
2010,31.5058
2011,31.749
2012,29.4956
2013,28.1352