1961,951.616
1962,998.272
1963,975.648
1964,1022.976
1965,1025.632
1966,1009.536
1967,1088.512
1968,1033.536
1969,1052.48
1970,1028.672
1971,1045.568
1972,1171.264
1973,1168.384
1974,1220.064
1975,1058.976
1976,1079.296
1977,1135.936
1978,1210.4
1979,1168.864
1980,1240.608
1981,1132.8
1982,1219.808
1983,1239.296
1984,1323.392
1985,1188.704
1986,1167.712
1987,1199.392
1988,1138.912
1989,1091.04
1990,1007.392
1991,1072.128
1992,990.976
1993,994.88
1994,1027.296
1995,1215.808
1996,1079.04
1997,1168.16
1998,1119.232
1999,1184.576
2000,1130.272
2001,1140.032
2002,1108.928
2003,1104.448
2004,1147.392
2005,1156.96
2006,1154.624
2007,1100.16
2008,1067.232
2009,1191.392
2010,1089.728
2011,1116.352
2012,1051.328
2013,1092.704