1961,609.175
1962,614.705
1963,634.375
1964,629.755
1965,552.23
1966,598.43
1967,638.225
1968,602.385
1969,624.995
1970,617.89
1971,594.09
1972,569.52
1973,598.64
1974,570.675
1975,534.135
1976,521.675
1977,587.58
1978,565.67
1979,608.405
1980,523.11
1981,569.065
1982,594.37
1983,544.635
1984,572.285
1985,588.28
1986,628.32
1987,582.015
1988,593.53
1989,581.35
1990,616.105
1991,584.815
1992,647.395
1993,615.09
1994,595.875
1995,565.88
1996,604.31
1997,552.965
1998,517.16
1999,651.21
2000,706.09
2001,672.175
2002,642.81
2003,596.855
2004,637.98
2005,600.74
2006,602.315
2007,693.805
2008,684.39
2009,626.535
2010,600.705
2011,621.74
2012,595.875
2013,623.105


























































































































































































































































































































































































































































































































































































































