1961,163.152
1962,272.976
1963,277.464
1964,224.136
1965,281.952
1966,300.432
1967,351.384
1968,291.192
1969,280.104
1970,326.568
1971,356.664
1972,264.528
1973,283.8
1974,302.544
1975,221.76
1976,359.832
1977,336.336
1978,391.248
1979,266.904
1980,274.824
1981,422.664
1982,423.984
1983,432.96
1984,422.136
1985,363.792
1986,343.464
1987,371.184
1988,385.44
1989,399.432
1990,335.544
1991,341.352
1992,346.632
1993,390.984
1994,366.696
1995,296.736
1996,366.432
1997,395.208
1998,410.256
1999,427.416
2000,361.416
2001,304.92
2002,320.496
2003,374.616
2004,301.224
2005,304.128
2006,310.464
2007,298.584
2008,322.608
2009,242.616
2010,258.72
2011,264
2012,206.448
2013,298.32