1961,134.5162998
1962,130.3985888
1963,127.6490417
1964,118.5411673
1965,115.1637189
1966,116.1287042
1967,115.1504999
1968,113.8682593
1969,114.9522153
1970,107.0935341
1971,106.2673481
1972,106.7630597
1973,111.0129604
1974,111.0856648
1975,104.1192645
1976,108.1047857
1977,108.4286506
1978,105.0049359
1979,110.5304678
1980,105.3816767
1981,108.2766324
1982,106.7101838
1983,106.0029685
1984,112.2357157
1985,109.1821323
1986,108.9904571
1987,110.0810226
1988,106.9943917
1989,105.3882862
1990,109.3738074
1991,110.9600845
1992,112.0969165
1993,105.8311219
1994,110.722143
1995,112.1233544
1996,111.9448983
1997,104.5488812
1998,102.4007976
1999,103.0947938
2000,111.9448983
2001,105.8046839
2002,109.353979
2003,109.2812746
2004,107.0604866
2005,105.1371256
2006,101.092119
2007,112.1564019
2008,112.2489347
2009,114.9389963
2010,120.6892509
2011,121.4096851
2012,119.6515613
2013,116.749996