1961,150.272
1962,155.776
1963,159.808
1964,152.544
1965,161.216
1966,161.504
1967,155.712
1968,155.712
1969,156.256
1970,158.272
1971,159.04
1972,159.68
1973,157.536
1974,156.256
1975,149.088
1976,147.904
1977,142.368
1978,137.184
1979,137.184
1980,144.032
1981,128.992
1982,136.928
1983,137.856
1984,116.288
1985,130.656
1986,132.192
1987,133.92
1988,157.376
1989,166.048
1990,178.048
1991,189.856
1992,178.56
1993,172.352
1994,158.016
1995,152.32
1996,146.688
1997,147.2
1998,146.112
1999,145.248
2000,143.968
2001,144.224
2002,144.736
2003,144.736
2004,143.84
2005,143.584
2006,143.104
2007,142.528
2008,142.112
2009,141.728
2010,141.216
2011,141.056
2012,139.744
2013,135.616