1961,442.02
1962,453.48
1963,482.85
1964,489.27
1965,488.19
1966,417.63
1967,399.45
1968,460.89
1969,504.6
1970,462.93
1971,422.25
1972,434.79
1973,468.93
1974,418.11
1975,438.33
1976,419.88
1977,440.79
1978,483.54
1979,424.98
1980,450.57
1981,399.63
1982,442.59
1983,431.97
1984,449.64
1985,457.14
1986,468.84
1987,511.26
1988,484.89
1989,483.24
1990,488.73
1991,539.49
1992,512.22
1993,626.31
1994,859.11
1995,860.49
1996,810.42
1997,675
1998,619.62
1999,627.93
2000,609.54
2001,644.04
2002,584.37
2003,534.12
2004,593.58
2005,550.02
2006,632.58
2007,594.09
2008,577.83
2009,594.3
2010,556.65
2011,536.4
2012,575.25
2013,565.56