1961,137.76
1962,142.656
1963,149.184
1964,176.256
1965,139.84
1966,163.488
1967,159.808
1968,155.424
1969,146.048
1970,165.504
1971,148.736
1972,168.384
1973,158.304
1974,167.2
1975,152.096
1976,162.944
1977,155.008
1978,167.968
1979,170.72
1980,186.08
1981,210.048
1982,192.64
1983,190.208
1984,211.584
1985,228.448
1986,237.472
1987,263.552
1988,273.792
1989,266.688
1990,218.72
1991,216.032
1992,236
1993,253.024
1994,253.472
1995,263.712
1996,273.152
1997,262.496
1998,250.976
1999,266.112
2000,320.544
2001,292.288
2002,261.12
2003,230.88
2004,240.16
2005,265.856
2006,190.72
2007,235.616
2008,260.96
2009,242.56
2010,231.904
2011,220.288
2012,195.776
2013,218.784