1961,32872.851
1962,33656.994
1963,32962.545
1964,32796.747
1965,31428.234
1966,32458.356
1967,31708.188
1968,31401.054
1969,31994.937
1970,29908.872
1971,30057.003
1972,29925.18
1973,30444.318
1974,29438.658
1975,33152.805
1976,35113.842
1977,30944.43
1978,33860.844
1979,29910.231
1980,31187.691
1981,29566.404
1982,30815.325
1983,27752.139
1984,28912.725
1985,28900.494
1986,31402.413
1987,30581.577
1988,29153.268
1989,26924.508
1990,30479.652
1991,30054.285
1992,29834.127
1993,32310.225
1994,28844.775
1995,34320.186
1996,31197.204
1997,32826.645
1998,33143.292
1999,33435.477
2000,29922.462
2001,30264.93
2002,30244.545
2003,31254.282
2004,31250.205
2005,30849.3
2006,31558.698
2007,32268.096
2008,32355.072
2009,30997.431
2010,30832.992
2011,34090.515
2012,31411.926
2013,31349.412