1961,103.0353084
1962,100.7285971
1963,101.634097
1964,103.7755711
1965,104.95206
1966,105.4676
1967,93.93404346
1968,102.9626041
1969,103.1014033
1970,99.03656819
1971,91.706646
1972,88.62662459
1973,94.50906891
1974,82.86976054
1975,89.15538363
1976,91.01264976
1977,96.14161245
1978,91.43565699
1979,87.34438392
1980,89.35366827
1981,87.31794597
1982,92.71789766
1983,90.53676662
1984,92.43368968
1985,88.401902
1986,91.38939058
1987,91.38939058
1988,90.31204403
1989,86.80901539
1990,90.36491994
1991,92.12304374
1992,101.5746116
1993,116.2608939
1994,114.1855147
1995,113.445252
1996,107.133191
1997,109.4465118
1998,118.157817
1999,115.7585728
2000,108.7525156
2001,102.7114435
2002,101.6407065
2003,95.80452856
2004,95.13036078
2005,96.26058323
2006,96.0556891
2007,100.7021592
2008,96.75629483
2009,96.67037149
2010,100.9334912
2011,95.08409437
2012,98.18394424
2013,98.11784936