1961,108.999
1962,135.88542
1963,123.5322
1964,147.51198
1965,128.61882
1966,140.24538
1967,154.77858
1968,146.78532
1969,144.60534
1970,198.37818
1971,220.17798
1972,199.10484
1973,156.2319
1974,162.04518
1975,202.01148
1976,166.40514
1977,159.13854
1978,118.44558
1979,183.84498
1980,212.91138
1981,173.67174
1982,196.1982
1983,195.47154
1984,182.39166
1985,193.29156
1986,199.8315
1987,169.31178
1988,194.01822
1989,164.22516
1990,164.95182
1991,170.7651
1992,164.95182
1993,178.75836
1994,191.11158
1995,165.67848
1996,195.47154
1997,209.27808
1998,212.91138
1999,232.5312
2000,271.77084
2001,225.2646
2002,228.17124
2003,244.15776
2004,268.13754
2005,263.77758
2006,291.39066
2007,309.55716
2008,284.85072
2009,292.11732
2010,374.2299
2011,236.1645
2012,321.18372
2013,299.38392