1961,592.736
1962,577.92
1963,594.368
1964,494.08
1965,533.184
1966,591.168
1967,507.744
1968,622.88
1969,622.464
1970,697.472
1971,680.8
1972,707.392
1973,797.6
1974,825.088
1975,822.976
1976,875.008
1977,805.44
1978,702.4
1979,631.712
1980,698.88
1981,795.392
1982,811.008
1983,758.176
1984,782.08
1985,846.144
1986,775.36
1987,678.24
1988,828.672
1989,783.424
1990,788.48
1991,685.824
1992,526.624
1993,532.928
1994,502.624
1995,493.504
1996,487.136
1997,421.664
1998,342.336
1999,228.032
2000,326.784
2001,312.864
2002,293.344
2003,301.728
2004,300.384
2005,313.696
2006,294.816
2007,331.616
2008,276.288
2009,329.536
2010,355.136
2011,419.04
2012,416.448
2013,439.2