1961,147.008
1962,151.168
1963,147.904
1964,128.8
1965,146.272
1966,149.344
1967,148.672
1968,137.792
1969,145.856
1970,148.32
1971,144.448
1972,144.256
1973,146.112
1974,156.288
1975,134.08
1976,146.176
1977,140.864
1978,151.776
1979,150.208
1980,138.592
1981,137.664
1982,149.984
1983,134.528
1984,142.24
1985,141.504
1986,160.768
1987,164.416
1988,156.032
1989,154.848
1990,154.336
1991,156.608
1992,154.176
1993,150.176
1994,155.616
1995,136.48
1996,148.48
1997,155.36
1998,157.76
1999,158.304
2000,168.352
2001,175.968
2002,174.496
2003,178.4
2004,172.704
2005,177.376
2006,168.544
2007,174.24
2008,174.624
2009,172
2010,159.552
2011,164.672
2012,162.976
2013,161.888