1961,39.8544
1962,41.1578
1963,40.5156
1964,40.8842
1965,41.4086
1966,42.902
1967,44.2548
1968,44.821
1969,45.2086
1970,47.0022
1971,49.0504
1972,49.3392
1973,51.0644
1974,50.578
1975,51.5926
1976,49.7078
1977,50.4906
1978,53.3026
1979,49.4798
1980,50.7376
1981,51.851
1982,49.5976
1983,48.07
1984,49.9054
1985,49.9244
1986,52.3792
1987,51.8624
1988,49.7572
1989,48.621
1990,47.5494
1991,44.6538
1992,44.4296
1993,41.4162
1994,40.4814
1995,38.836
1996,38.8626
1997,36.2634
1998,36.8448
1999,35.986
2000,34.295
2001,34.4926
2002,33.4058
2003,33.3602
2004,32.49
2005,32.186
2006,32.2772
2007,32.2164
2008,32.813
2009,30.837
2010,28.9408
2011,29.1422
2012,27.8426
2013,27.9376