1961,8.712
1962,13.728
1963,10.296
1964,10.56
1965,11.088
1966,13.2
1967,12.408
1968,11.88
1969,19.8
1970,21.912
1971,27.456
1972,25.608
1973,26.928
1974,43.56
1975,39.6
1976,62.04
1977,60.456
1978,66.792
1979,78.672
1980,82.896
1981,126.72
1982,126.984
1983,156.288
1984,120.12
1985,123.024
1986,134.112
1987,130.944
1988,184.008
1989,166.056
1990,211.2
1991,167.376
1992,212.784
1993,191.664
1994,184.8
1995,187.968
1996,164.208
1997,149.424
1998,226.512
1999,228.096
2000,219.648
2001,173.976
2002,219.912
2003,199.32
2004,255.288
2005,244.728
2006,233.112
2007,260.304
2008,237.072
2009,186.12
2010,232.584
2011,167.64
2012,203.544
2013,199.056