1961,511.84
1962,494.095
1963,523.18
1964,495.285
1965,524.02
1966,530.635
1967,506.45
1968,488.88
1969,531.37
1970,511.77
1971,509.88
1972,491.33
1973,499.835
1974,490.63
1975,467.18
1976,486.955
1977,497.035
1978,503.965
1979,464.905
1980,490.7
1981,469.84
1982,502.495
1983,475.51
1984,498.75
1985,455.28
1986,475.825
1987,494.2
1988,514.115
1989,490.175
1990,470.365
1991,481.32
1992,475.545
1993,473.375
1994,493.115
1995,473.445
1996,484.015
1997,483.7
1998,466.83
1999,479.01
2000,462.49
2001,489.405
2002,487.585
2003,508.795
2004,507.465
2005,502.39
2006,505.4
2007,509.81
2008,521.01
2009,486.15
2010,452.865
2011,466.935
2012,442.575
2013,456.12