1961,92.136
1962,129.096
1963,126.192
1964,151.008
1965,161.568
1966,195.096
1967,226.512
1968,214.104
1969,226.512
1970,261.36
1971,287.232
1972,326.04
1973,339.768
1974,269.808
1975,357.984
1976,321.288
1977,305.448
1978,301.488
1979,327.096
1980,362.472
1981,347.424
1982,321.816
1983,333.432
1984,345.048
1985,290.928
1986,286.968
1987,288.288
1988,303.6
1989,313.896
1990,343.2
1991,337.128
1992,355.608
1993,335.016
1994,322.344
1995,301.752
1996,354.288
1997,334.224
1998,405.768
1999,364.584
2000,318.912
2001,299.376
2002,368.808
2003,350.592
2004,353.76
2005,530.904
2006,346.896
2007,371.712
2008,425.304
2009,430.056
2010,432.696
2011,427.68
2012,415.536
2013,423.984