1961,129.7706874
1962,130.6894062
1963,124.9193232
1964,129.4864794
1965,129.3014137
1966,128.072049
1967,124.0534803
1968,121.5154369
1969,127.4705856
1970,120.1803203
1971,120.1010064
1972,118.4684629
1973,120.2860721
1974,121.8128638
1975,116.4261311
1976,120.8610976
1977,123.8353672
1978,121.0659917
1979,119.5920759
1980,119.3607438
1981,124.4500496
1982,114.9852627
1983,121.47578
1984,119.0038314
1985,115.7255254
1986,119.268211
1987,124.2649839
1988,123.2537322
1989,121.8657397
1990,120.365386
1991,124.4236116
1992,123.0356191
1993,121.462561
1994,122.3878893
1995,120.081178
1996,121.8260828
1997,122.24909
1998,123.6370825
1999,125.1043889
2000,124.8267904
2001,125.4546917
2002,125.4943487
2003,124.2054985
2004,122.6588783
2005,123.9807759
2006,123.5445497
2007,123.4387979
2008,121.7798164
2009,119.0567073
2010,114.7208832
2011,113.0090258
2012,109.7108913
2013,109.2416177