1961,138.912
1962,143.616
1963,140.736
1964,138.784
1965,149.984
1966,146.816
1967,150.432
1968,154.368
1969,135.04
1970,138.016
1971,137.984
1972,138.464
1973,128.672
1974,106.88
1975,89.184
1976,126.272
1977,128.992
1978,135.264
1979,138.816
1980,131.968
1981,128.16
1982,120.928
1983,121.504
1984,127.456
1985,131.328
1986,127.136
1987,128.96
1988,115.424
1989,125.728
1990,127.744
1991,130.272
1992,133.184
1993,133.472
1994,133.504
1995,134.88
1996,136.224
1997,143.968
1998,142.08
1999,141.088
2000,138.56
2001,135.456
2002,133.856
2003,129.696
2004,124.192
2005,115.712
2006,112.288
2007,106.464
2008,106.72
2009,104.192
2010,100.832
2011,97.28
2012,94.272
2013,90.208