1961,801.408
1962,830.656
1963,796.288
1964,798.368
1965,821.76
1966,798.56
1967,805.92
1968,789.248
1969,822.432
1970,852.48
1971,800.768
1972,828.384
1973,849.728
1974,903.104
1975,914.4
1976,894.24
1977,864.48
1978,930.72
1979,996.736
1980,1039.616
1981,1014.4
1982,1045.6
1983,956.352
1984,971.872
1985,1022.016
1986,987.392
1987,935.872
1988,832.288
1989,855.808
1990,878.624
1991,859.2
1992,828.896
1993,842.592
1994,855.168
1995,844.32
1996,884.832
1997,877.248
1998,823.264
1999,867.008
2000,844.032
2001,866.944
2002,872.8
2003,852.928
2004,840.544
2005,831.04
2006,826.016
2007,832.992
2008,826.72
2009,839.456
2010,836.768
2011,827.2
2012,853.696
2013,836.288