1961,10.3968
1962,9.994
1963,10.5678
1964,10.526
1965,11.1264
1966,11.2784
1967,12.0574
1968,13.2468
1969,14.2918
1970,14.9112
1971,16.0284
1972,16.454
1973,17.1
1974,17.879
1975,18.012
1976,18.3122
1977,18.5896
1978,18.6048
1979,19.1026
1980,20.3186
1981,21.1926
1982,19.4408
1983,19.1026
1984,19.4408
1985,19.9994
1986,21.4168
1987,22.1388
1988,22.2756
1989,22.819
1990,22.4846
1991,22.705
1992,21.7626
1993,21.3446
1994,22.3706
1995,22.6366
1996,23.4992
1997,24.4074
1998,24.1072
1999,24.4606
2000,24.6278
2001,25.289
2002,25.8362
2003,25.6956
2004,28.0744
2005,27.4968
2006,27.9262
2007,28.2036
2008,28.3632
2009,27.5462
2010,26.9382
2011,26.1212
2012,25.3764
2013,25.2928