1961,137.696
1962,164.544
1963,156.608
1964,158.208
1965,150.912
1966,163.936
1967,161.664
1968,179.776
1969,167.52
1970,161.44
1971,168.48
1972,179.04
1973,154.304
1974,180.064
1975,158.624
1976,194.112
1977,176.736
1978,192.384
1979,174.752
1980,178.4
1981,191.808
1982,188.8
1983,186.272
1984,192.544
1985,204.992
1986,184.128
1987,194.368
1988,204.224
1989,209.856
1990,191.008
1991,141.344
1992,141.344
1993,156.96
1994,146.688
1995,146.144
1996,142.368
1997,134.976
1998,134.08
1999,146.944
2000,146.144
2001,144.32
2002,190.592
2003,191.648
2004,199.648
2005,215.52
2006,224.704
2007,245.216
2008,253.152
2009,242.496
2010,236.896
2011,238.24
2012,238.656
2013,237.152