1961,25074.909
1962,24940.368
1963,23990.427
1964,24843.879
1965,24896.88
1966,24933.573
1967,23855.886
1968,24842.52
1969,25209.45
1970,24384.537
1971,23687.37
1972,24846.597
1973,25576.38
1974,26235.495
1975,25780.23
1976,25935.156
1977,26670.375
1978,26966.637
1979,28071.504
1980,29002.419
1981,29710.458
1982,27056.331
1983,29024.163
1984,28386.792
1985,29199.474
1986,29520.198
1987,29876.256
1988,29283.732
1989,29505.249
1990,29641.149
1991,30175.236
1992,30618.27
1993,31138.767
1994,30987.918
1995,32092.785
1996,32870.133
1997,32081.913
1998,32980.212
1999,32477.382
2000,33430.041
2001,33400.143
2002,33855.408
2003,33073.983
2004,33776.586
2005,34108.182
2006,33777.945
2007,34566.165
2008,35203.536
2009,35282.358
2010,35230.716
2011,35100.252
2012,35592.21
2013,35948.268