1961,658.35396
1962,734.65326
1963,765.17298
1964,754.99974
1965,689.60034
1966,785.51946
1967,802.9593
1968,781.1595
1969,840.01896
1970,847.28556
1971,738.28656
1972,880.71192
1973,800.77932
1974,821.1258
1975,848.73888
1976,869.81202
1977,727.38666
1978,883.61856
1979,893.06514
1980,887.25186
1981,925.03818
1982,933.03144
1983,959.1912
1984,927.94482
1985,941.75136
1986,954.10458
1987,938.84472
1988,869.81202
1989,935.21142
1990,941.75136
1991,965.73114
1992,937.3914
1993,855.27882
1994,986.80428
1995,829.84572
1996,910.50498
1997,876.35196
1998,880.71192
1999,951.9246
2000,835.659
2001,914.13828
2002,890.88516
2003,885.07188
2004,935.93808
2005,971.54442
2006,941.75136
2007,999.1575
2008,934.48476
2009,922.13154
2010,949.01796
2011,984.6243
2012,916.31826
2013,951.9246