1961,22.968
1962,22.968
1963,34.056
1964,31.152
1965,38.808
1966,42.24
1967,36.96
1968,46.992
1969,53.592
1970,92.928
1971,96.36
1972,126.192
1973,133.848
1974,133.584
1975,152.328
1976,152.328
1977,192.72
1978,201.696
1979,239.712
1980,253.176
1981,217.272
1982,205.92
1983,218.592
1984,212.52
1985,248.688
1986,250.008
1987,305.976
1988,285.648
1989,350.592
1990,309.144
1991,372.768
1992,380.424
1993,394.944
1994,360.096
1995,341.616
1996,340.032
1997,386.76
1998,383.328
1999,430.32
2000,422.928
2001,423.72
2002,385.176
2003,362.208
2004,456.984
2005,506.352
2006,426.36
2007,452.496
2008,439.56
2009,483.12
2010,512.16
2011,463.848
2012,492.888
2013,487.608