1961,92.2683408
1962,147.52
1963,162.79
1964,150.55
1965,140.45
1966,159.67
1967,156.07
1968,155.19
1969,159.39
1970,154.39
1971,153.04
1972,154.27
1973,139.67
1974,136.64
1975,138.5
1976,137.71
1977,138.97
1978,132.77
1979,137.25
1980,143.17
1981,145.28
1982,147.92
1983,141.49
1984,154.69
1985,148.92
1986,137.74
1987,143.27
1988,147.75
1989,143.07
1990,148.18
1991,145.37
1992,139.24
1993,138.2
1994,145.39
1995,145.87
1996,150.99
1997,147.53
1998,145.1
1999,142.65
2000,134.05
2001,139.93
2002,147.7
2003,144.59
2004,140.23
2005,136.94
2006,137.71
2007,139.74
2008,155.52
2009,146.92
2010,145.37
2011,143.2
2012,143.02
2013,142.41