1961,267.41088
1962,228.1524
1963,181.665
1964,223.81128
1965,172.21842
1966,191.11158
1967,224.53794
1968,189.65826
1969,194.74488
1970,207.0981
1971,204.19146
1972,205.64478
1973,220.17798
1974,223.81128
1975,243.4311
1976,202.01148
1977,241.25112
1978,205.64478
1979,244.15776
1980,284.85072
1981,278.31078
1982,299.38392
1983,311.01048
1984,303.74388
1985,353.88342
1986,332.81028
1987,338.62356
1988,345.89016
1989,348.07014
1990,346.61682
1991,324.81702
1992,346.61682
1993,364.05666
1994,385.1298
1995,504.30204
1996,478.14228
1997,407.65626
1998,385.85646
1999,395.30304
2000,310.28382
2001,264.50424
2002,361.87668
2003,345.89016
2004,376.40988
2005,455.61582
2006,483.2289
2007,518.10858
2008,544.995
2009,563.88816
2010,539.18172
2011,587.14128
2012,607.48776
2013,565.34148