1961,170.88
1962,167.584
1963,167.392
1964,169.824
1965,169.792
1966,165.088
1967,161.056
1968,161.92
1969,164.064
1970,165.376
1971,164.736
1972,166.304
1973,164.384
1974,161.376
1975,156.832
1976,169.152
1977,166.272
1978,165.664
1979,160.224
1980,164.128
1981,159.52
1982,155.904
1983,148.608
1984,149.824
1985,151.968
1986,147.808
1987,141.248
1988,143.328
1989,143.104
1990,144.384
1991,140.384
1992,149.568
1993,130.336
1994,126.496
1995,139.392
1996,134.496
1997,141.632
1998,138.528
1999,123.84
2000,123.712
2001,123.424
2002,122.688
2003,127.04
2004,126.72
2005,126.08
2006,125.344
2007,124.896
2008,123.712
2009,121.376
2010,119.36
2011,118.56
2012,117.152
2013,116.672