1961,176.352
1962,190.608
1963,141.768
1964,204.6
1965,198
1966,192.456
1967,239.184
1968,254.496
1969,319.704
1970,310.464
1971,288.552
1972,248.424
1973,279.576
1974,274.824
1975,312.312
1976,265.056
1977,304.392
1978,297.792
1979,320.76
1980,326.832
1981,355.08
1982,313.896
1983,324.192
1984,350.592
1985,321.816
1986,380.952
1987,350.856
1988,348.744
1989,295.416
1990,309.936
1991,369.864
1992,349.272
1993,391.512
1994,330.792
1995,382.8
1996,357.456
1997,380.952
1998,306.768
1999,365.376
2000,379.368
2001,384.384
2002,277.464
2003,365.376
2004,354.024
2005,241.032
2006,414.216
2007,359.04
2008,365.904
2009,350.856
2010,372.504
2011,364.584
2012,411.048
2013,386.76