1961,22139.469
1962,22553.964
1963,23107.077
1964,23445.468
1965,22885.56
1966,23656.113
1967,23321.799
1968,23361.21
1969,22954.869
1970,23590.881
1971,23264.721
1972,22505.04
1973,23016.024
1974,23763.474
1975,24161.661
1976,24869.7
1977,24746.031
1978,24593.823
1979,24684.876
1980,25754.409
1981,25194.501
1982,24883.29
1983,25078.986
1984,24966.189
1985,24869.7
1986,24112.737
1987,24163.02
1988,24849.315
1989,24576.156
1990,24694.389
1991,24712.056
1992,26935.38
1993,27454.518
1994,26679.888
1995,27325.413
1996,27360.747
1997,28085.094
1998,28339.227
1999,29298.681
2000,28649.079
2001,29195.397
2002,30006.72
2003,30357.342
2004,30736.503
2005,30865.608
2006,30551.679
2007,31218.948
2008,31146.921
2009,30733.785
2010,31422.798
2011,30868.326
2012,30682.143
2013,31751.676