1961,146.272
1962,143.072
1963,136.16
1964,138.272
1965,146.4
1966,148.48
1967,146.048
1968,140.672
1969,140.32
1970,144.608
1971,150.016
1972,151.264
1973,149.44
1974,145.152
1975,145.824
1976,144.832
1977,134.72
1978,133.76
1979,139.968
1980,139.936
1981,138.752
1982,140.64
1983,146.624
1984,146.688
1985,142.112
1986,134.784
1987,131.616
1988,134.88
1989,134.144
1990,134.816
1991,136.416
1992,138.784
1993,145.056
1994,153.376
1995,134.816
1996,139.84
1997,134.048
1998,141.024
1999,141.344
2000,141.344
2001,132.96
2002,125.248
2003,122.496
2004,122.624
2005,121.856
2006,117.344
2007,120.416
2008,119.104
2009,118.176
2010,112.928
2011,117.12
2012,116.512
2013,122.976