1961,129.088
1962,161.984
1963,154.848
1964,172.416
1965,152.544
1966,145.472
1967,166.912
1968,163.104
1969,148.576
1970,163.808
1971,161.856
1972,161.28
1973,157.952
1974,158.56
1975,170.208
1976,173.76
1977,164.192
1978,157.984
1979,176.256
1980,157.344
1981,170.656
1982,160.128
1983,155.904
1984,157.28
1985,156.224
1986,152.928
1987,158.688
1988,184.096
1989,200.896
1990,205.696
1991,168.064
1992,156.672
1993,151.776
1994,160.192
1995,156.384
1996,147.776
1997,163.808
1998,166.048
1999,178.336
2000,176.64
2001,176.32
2002,199.392
2003,224.032
2004,221.184
2005,208.896
2006,206.176
2007,208.864
2008,191.296
2009,175.2
2010,187.936
2011,170.016
2012,171.68
2013,176.832