1961,955.968
1962,867.584
1963,845.856
1964,852.064
1965,922.976
1966,915.264
1967,892.352
1968,892.288
1969,888.32
1970,909.984
1971,994.496
1972,979.328
1973,983.84
1974,1028.896
1975,1101.728
1976,1123.744
1977,1182.048
1978,1139.872
1979,1175.744
1980,1205.952
1981,1197.792
1982,1200.064
1983,1164.832
1984,1225.152
1985,1196.16
1986,1191.52
1987,1118.336
1988,1111.616
1989,1194.208
1990,1120.032
1991,1104.672
1992,1150.624
1993,1181.952
1994,1228.704
1995,1109.664
1996,1114.272
1997,1090.336
1998,1100.8
1999,1108.864
2000,1126.784
2001,1158.88
2002,1203.52
2003,1216.928
2004,1189.728
2005,1183.68
2006,1188.608
2007,1138.208
2008,1157.504
2009,1143.936
2010,1124.096
2011,1095.808
2012,1087.04
2013,1091.936