1961,474.145
1962,465.325
1963,465.85
1964,466.865
1965,459.62
1966,474.215
1967,460.18
1968,421.365
1969,416.99
1970,434.84
1971,437.815
1972,429.24
1973,425.04
1974,442.05
1975,434.21
1976,437.185
1977,449.47
1978,453.32
1979,429.345
1980,424.34
1981,419.09
1982,426.72
1983,426.51
1984,438.655
1985,441.7
1986,440.335
1987,436.24
1988,472.115
1989,472.465
1990,479.5
1991,466.48
1992,479.92
1993,464.765
1994,478.345
1995,445.69
1996,442.68
1997,449.33
1998,441.56
1999,454.58
2000,448.49
2001,455.21
2002,462.28
2003,466.585
2004,500.29
2005,508.48
2006,521.745
2007,511.875
2008,515.62
2009,524.58
2010,508.865
2011,533.12
2012,553.63
2013,540.05