1961,854.55216
1962,904.6917
1963,920.67822
1964,964.27782
1965,978.08436
1966,1010.78406
1967,1043.48376
1968,1079.0901
1969,1060.9236
1970,1073.27682
1971,1032.58386
1972,1074.00348
1973,1085.63004
1974,1013.6907
1975,1081.27008
1976,1149.57612
1977,730.2933
1978,934.48476
1979,999.88416
1980,967.18446
1981,1011.51072
1982,965.00448
1983,937.3914
1984,916.31826
1985,919.95156
1986,953.37792
1987,951.9246
1988,911.9583
1989,890.88516
1990,957.73788
1991,895.97178
1992,891.61182
1993,884.34522
1994,928.67148
1995,771.71292
1996,861.81876
1997,858.91212
1998,840.01896
1999,820.39914
2000,871.992
2001,813.8592
2002,864.7254
2003,815.31252
2004,919.2249
2005,831.29904
2006,829.11906
2007,800.05266
2008,856.73214
2009,839.2923
2010,975.17772
2011,918.49824
2012,925.03818
2013,896.69844