1961,12.2322
1962,12.0802
1963,13.319
1964,16.5414
1965,17.3432
1966,18.3084
1967,19.4408
1968,22.477
1969,24.9128
1970,24.6202
1971,24.738
1972,25.1826
1973,24.5632
1974,25.802
1975,26.3606
1976,25.6006
1977,24.567
1978,22.553
1979,22.4124
1980,22.0362
1981,21.2534
1982,21.6182
1983,22.116
1984,21.8956
1985,22.515
1986,24.0578
1987,24.2326
1988,25.8286
1989,28.1314
1990,27.5614
1991,27.2498
1992,28.4506
1993,27.9794
1994,29.9668
1995,29.6894
1996,28.7774
1997,28.5
1998,27.9224
1999,26.3796
2000,27.2992
2001,27.3714
2002,28.2758
2003,27.55
2004,25.0952
2005,23.5144
2006,24.9888
2007,23.5258
2008,22.6442
2009,21.7284
2010,23.5258
2011,28.2264
2012,28.576
2013,28.9484