1961,116.2014085
1962,116.5847588
1963,120.4314808
1964,119.9622072
1965,115.9832954
1966,116.3203793
1967,113.9277447
1968,109.895957
1969,108.0783478
1970,108.488136
1971,108.203928
1972,105.8377313
1973,107.8007493
1974,107.0935341
1975,105.196611
1976,106.4458042
1977,107.1662384
1978,108.1246142
1979,101.6010495
1980,104.2514542
1981,102.7378815
1982,102.5594253
1983,103.4186587
1984,104.2448447
1985,102.8832902
1986,99.06300614
1987,97.58248083
1988,99.73056443
1989,98.87133099
1990,100.265933
1991,101.4886882
1992,110.4445445
1993,109.7175008
1994,103.6830383
1995,104.1523119
1996,99.14892949
1997,101.1317759
1998,98.94403536
1999,102.6123012
2000,101.918305
2001,102.9097282
2002,103.3459544
2003,102.8832902
2004,106.3532714
2005,107.2653808
2006,105.1900015
2007,105.8509503
2008,104.667852
2009,104.0002937
2010,104.0796075
2011,102.1430276
2012,103.1741077
2013,105.2428774