1961,28651.797
1962,26418.96
1963,27328.131
1964,26872.866
1965,27294.156
1966,26378.19
1967,25962.336
1968,26970.714
1969,27004.689
1970,27443.646
1971,27133.794
1972,28139.454
1973,27784.755
1974,26408.088
1975,25257.015
1976,25929.72
1977,26716.581
1978,27413.748
1979,27296.874
1980,28579.77
1981,28926.315
1982,28250.892
1983,27593.136
1984,27663.804
1985,28033.452
1986,28135.377
1987,28813.518
1988,28748.286
1989,28712.952
1990,29316.348
1991,29283.732
1992,29522.916
1993,28284.867
1994,28211.481
1995,27996.759
1996,28090.53
1997,28184.301
1998,28812.159
1999,28774.107
2000,29355.759
2001,28218.276
2002,28706.157
2003,28564.821
2004,28351.458
2005,27919.296
2006,28136.736
2007,28526.769
2008,27947.835
2009,28833.903
2010,28703.439
2011,29453.607
2012,27639.342
2013,27932.886