1961,593.68122
1962,494.1288
1963,505.0287
1964,585.68796
1965,567.52146
1966,471.60234
1967,493.40214
1968,579.87468
1969,521.01522
1970,564.61482
1971,526.8285
1972,614.0277
1973,577.6947
1974,568.97478
1975,651.08736
1976,510.11532
1977,433.08936
1978,515.9286
1979,526.8285
1980,609.66774
1981,643.0941
1982,506.48202
1983,526.8285
1984,471.60234
1985,560.25486
1986,528.28182
1987,646.00074
1988,581.328
1989,653.26734
1990,696.14028
1991,616.93434
1992,620.56764
1993,601.67448
1994,539.90838
1995,515.20194
1996,523.92186
1997,422.18946
1998,516.65526
1999,587.14128
2000,586.41462
2001,572.60808
2002,497.03544
2003,587.14128
2004,464.33574
2005,709.94682
2006,581.328
2007,635.10084
2008,631.46754
2009,607.48776
2010,595.13454
2011,602.40114
2012,578.42136
2013,593.68122