1961,1007.072
1962,982.784
1963,969.792
1964,970.048
1965,991.584
1966,967.744
1967,902.976
1968,901.312
1969,902.624
1970,950.976
1971,911.552
1972,902.912
1973,940.672
1974,946.144
1975,983.232
1976,1018.464
1977,1082.72
1978,1088.768
1979,1028.416
1980,1053.824
1981,1065.568
1982,1070.816
1983,1070.56
1984,1110.08
1985,1094.816
1986,1069.92
1987,1071.296
1988,1032.832
1989,1055.68
1990,1087.264
1991,1110.464
1992,1086.784
1993,1082.016
1994,1073.632
1995,1041.696
1996,1030.176
1997,1021.568
1998,1004.64
1999,910.4
2000,1020.096
2001,964.608
2002,993.76
2003,1005.92
2004,989.824
2005,983.04
2006,1003.84
2007,1010.592
2008,988
2009,1006.24
2010,1004.96
2011,1011.904
2012,1004.576
2013,1019.808