1961,78.672
1962,103.224
1963,114.576
1964,138.072
1965,120.384
1966,156.552
1967,163.416
1968,177.672
1969,158.664
1970,228.624
1971,205.392
1972,215.424
1973,233.64
1974,230.208
1975,223.608
1976,229.152
1977,203.808
1978,226.776
1979,209.088
1980,232.056
1981,184.8
1982,190.872
1983,185.856
1984,169.752
1985,188.76
1986,214.104
1987,189.024
1988,180.84
1989,183.48
1990,222.816
1991,229.416
1992,232.584
1993,220.704
1994,272.448
1995,258.456
1996,274.56
1997,252.384
1998,273.768
1999,269.808
2000,288.288
2001,270.864
2002,321.024
2003,322.344
2004,346.632
2005,343.2
2006,362.736
2007,353.496
2008,389.928
2009,392.304
2010,380.424
2011,401.808
2012,382.536
2013,373.56