1961,95.41327786
1962,86.12513236
1963,89.00699888
1964,82.85965632
1965,83.17613417
1966,79.77159968
1967,76.61161626
1968,78.2611372
1969,76.90891364
1970,76.68354305
1971,74.60725652
1972,75.64779734
1973,73.49958403
1974,68.89626979
1975,66.56104684
1976,67.90368016
1977,70.85747346
1978,71.31780489
1979,68.97778682
1980,71.01091727
1981,71.50001941
1982,69.00655753
1983,65.85616435
1984,67.17002695
1985,66.69051505
1986,65.87534482
1987,68.44552861
1988,67.92765575
1989,67.93724599
1990,71.50001941
1991,70.6656687
1992,74.19008117
1993,70.86226858
1994,73.07281844
1995,71.92198988
1996,72.85703809
1997,71.87883381
1998,72.44945297
1999,73.49478891
2000,82.91719775
2001,71.77334119
2002,73.08240868
2003,72.92416975
2004,70.7663662
2005,68.58938218
2006,66.81998327
2007,67.90847528
2008,66.98301731
2009,70.71361989
2010,68.63733337
2011,70.73759549
2012,67.52966088
2013,65.37185733