1961,166.56
1962,169.696
1963,134.912
1964,153.632
1965,154.048
1966,152.512
1967,147.456
1968,160.096
1969,157.728
1970,159.488
1971,157.92
1972,173.824
1973,152.864
1974,157.792
1975,109.696
1976,126.56
1977,157.92
1978,132.064
1979,137.344
1980,136.128
1981,143.84
1982,132.576
1983,153.824
1984,141.44
1985,138.752
1986,142.528
1987,134.176
1988,139.008
1989,134.496
1990,139.36
1991,117.056
1992,131.904
1993,139.616
1994,124.768
1995,132.48
1996,156.768
1997,150.336
1998,136.16
1999,144.288
2000,157.568
2001,155.104
2002,161.28
2003,166.08
2004,172.224
2005,170.912
2006,172.576
2007,175.488
2008,177.152
2009,173.824
2010,173.12
2011,171.264
2012,178.048
2013,177.216