1961,498.19
1962,484.925
1963,511.7
1964,487.025
1965,464.1
1966,478.415
1967,472.92
1968,463.89
1969,470.785
1970,461.65
1971,467.005
1972,465.92
1973,473.725
1974,478.975
1975,443.24
1976,469.21
1977,480.83
1978,510.23
1979,466.13
1980,500.185
1981,516.705
1982,510.79
1983,489.195
1984,520.695
1985,503.685
1986,484.365
1987,470.61
1988,493.5
1989,476.42
1990,477.89
1991,486.745
1992,490.21
1993,477.68
1994,495.95
1995,505.365
1996,507.99
1997,486.465
1998,489.23
1999,489.335
2000,557.025
2001,500.185
2002,502.95
2003,489.16
2004,483.35
2005,450.66
2006,439.39
2007,453.46
2008,485.24
2009,503.58
2010,516.6
2011,543.76
2012,533.89
2013,523.985