1961,356.256
1962,454.72
1963,375.936
1964,366.72
1965,412.672
1966,393.504
1967,582.816
1968,367.296
1969,519.392
1970,361.408
1971,390.304
1972,285.92
1973,375.488
1974,319.072
1975,377.76
1976,315.072
1977,323.072
1978,349.952
1979,396.992
1980,362.496
1981,306.56
1982,371.2
1983,308.64
1984,315.424
1985,299.232
1986,310.08
1987,292.896
1988,288.064
1989,268.928
1990,265.216
1991,233.472
1992,267.52
1993,248.576
1994,234.08
1995,243.488
1996,258.464
1997,232.352
1998,254.24
1999,203.648
2000,191.136
2001,187.552
2002,188.832
2003,168.384
2004,157.888
2005,147.552
2006,151.424
2007,163.616
2008,185.472
2009,214.464
2010,212
2011,192.864
2012,206.784
2013,204.352