1961,41.3174
1962,42.4574
1963,44.289
1964,44.4144
1965,44.0154
1966,45.2504
1967,44.4524
1968,44.308
1969,45.6532
1970,45.524
1971,47.1466
1972,46.2992
1973,46.626
1974,45.467
1975,43.4454
1976,43.1984
1977,42.6854
1978,42.8488
1979,43.2212
1980,44.5208
1981,46.7248
1982,49.3582
1983,48.6552
1984,46.113
1985,45.1098
1986,44.384
1987,44.1446
1988,42.6968
1989,44.3802
1990,43.4948
1991,44.0838
1992,43.2402
1993,40.4472
1994,39.805
1995,37.1564
1996,36.9854
1997,36.3128
1998,35.5832
1999,35.4958
2000,34.371
2001,38.1254
2002,37.221
2003,37.4642
2004,36.0582
2005,35.7884
2006,36.0354
2007,36.423
2008,36.5598
2009,36.081
2010,36.1722
2011,35.834
2012,35.2526
2013,35.1842