1961,34.4622
1962,34.2646
1963,34.5458
1964,35.9822
1965,35.701
1966,36.3888
1967,36.955
1968,37.8062
1969,39.273
1970,40.147
1971,41.705
1972,42.56
1973,45.315
1974,46.4398
1975,47.0972
1976,47.7888
1977,47.4772
1978,48.3588
1979,49.8408
1980,47.5608
1981,45.847
1982,44.5094
1983,45.6342
1984,46.113
1985,45.771
1986,46.0256
1987,46.987
1988,47.595
1989,47.709
1990,47.6064
1991,45.8964
1992,44.5968
1993,43.3238
1994,44.821
1995,43.3238
1996,44.422
1997,45.4138
1998,43.5974
1999,44.1104
2000,42.0546
2001,43.8558
2002,44.1256
2003,45.9002
2004,45.2618
2005,46.0332
2006,42.9058
2007,41.496
2008,39.6416
2009,36.1
2010,36.8258
2011,37.7416
2012,35.1804
2013,33.706