1961,29085.318
1962,29411.478
1963,29001.06
1964,28884.186
1965,28693.926
1966,28707.516
1967,28216.917
1968,28048.401
1969,28441.152
1970,28394.946
1971,28083.735
1972,27705.933
1973,27272.412
1974,26783.172
1975,26582.04
1976,26914.995
1977,26696.196
1978,26690.76
1979,27078.075
1980,26319.753
1981,26122.698
1982,25611.714
1983,25822.359
1984,26140.365
1985,27635.265
1986,27228.924
1987,27597.213
1988,27874.449
1989,27113.409
1990,27343.08
1991,27129.717
1992,27871.731
1993,27435.492
1994,27743.985
1995,27727.677
1996,28051.119
1997,29102.985
1998,29849.076
1999,29851.794
2000,30009.438
2001,30127.671
2002,31081.689
2003,31443.183
2004,31734.009
2005,31566.852
2006,32034.348
2007,31969.116
2008,31497.543
2009,31031.406
2010,31043.637
2011,30962.097
2012,31106.151
2013,31469.004