1961,103.488
1962,122.688
1963,115.36
1964,120.576
1965,113.568
1966,106.016
1967,100.192
1968,112.128
1969,109.888
1970,114.56
1971,107.424
1972,98.72
1973,119.008
1974,105.408
1975,97.312
1976,102.88
1977,93.984
1978,97.696
1979,105.824
1980,100.832
1981,101.472
1982,109.12
1983,118.496
1984,115.904
1985,116.512
1986,116.96
1987,124.544
1988,126.272
1989,139.392
1990,133.12
1991,131.2
1992,138.304
1993,140.864
1994,136.608
1995,135.84
1996,134.464
1997,132.832
1998,149.12
1999,151.808
2000,147.104
2001,163.776
2002,165.856
2003,179.584
2004,190.432
2005,216.576
2006,232.992
2007,233.152
2008,227.136
2009,208.512
2010,212.448
2011,215.616
2012,214.016
2013,217.824