1961,729.824
1962,747.104
1963,751.392
1964,761.568
1965,746.08
1966,725.6
1967,724.352
1968,729.952
1969,734.752
1970,741.28
1971,708.384
1972,720.64
1973,724.32
1974,727.04
1975,762.048
1976,738.784
1977,728.128
1978,709.664
1979,726.88
1980,711.936
1981,726.144
1982,739.552
1983,734.048
1984,757.12
1985,749.568
1986,747.328
1987,736.128
1988,730.496
1989,758.368
1990,743.328
1991,726.784
1992,711.616
1993,696.288
1994,689.632
1995,691.232
1996,755.04
1997,759.008
1998,740.064
1999,738.144
2000,706.016
2001,726.208
2002,742.336
2003,773.312
2004,752.8
2005,793.504
2006,765.056
2007,768.576
2008,784.352
2009,756.288
2010,770.528
2011,763.744
2012,756
2013,743.04