1961,56.496
1962,76.56
1963,64.416
1964,83.688
1965,88.704
1966,102.432
1967,73.656
1968,124.872
1969,139.392
1970,159.456
1971,156.288
1972,200.904
1973,175.56
1974,196.152
1975,181.368
1976,209.88
1977,168.168
1978,192.456
1979,218.064
1980,252.12
1981,260.832
1982,243.936
1983,279.048
1984,289.344
1985,319.44
1986,334.488
1987,360.624
1988,355.872
1989,350.328
1990,378.576
1991,395.208
1992,463.32
1993,450.12
1994,419.232
1995,411.576
1996,411.312
1997,449.592
1998,425.568
1999,431.904
2000,454.608
2001,464.376
2002,413.688
2003,366.96
2004,410.52
2005,396.528
2006,463.056
2007,421.344
2008,444.84
2009,454.872
2010,450.12
2011,427.416
2012,427.152
2013,433.752