1961,164.544
1962,142.272
1963,157.888
1964,153.344
1965,164.192
1966,160.256
1967,163.52
1968,154.944
1969,154.944
1970,156.608
1971,155.008
1972,141.28
1973,161.312
1974,132.672
1975,145.984
1976,146.72
1977,151.456
1978,131.744
1979,136.16
1980,137.152
1981,135.584
1982,147.296
1983,134.208
1984,134.912
1985,126.304
1986,129.312
1987,129.664
1988,131.2
1989,131.776
1990,131.2
1991,129.216
1992,126.4
1993,113.536
1994,124.064
1995,118.656
1996,122.88
1997,121.248
1998,116.608
1999,123.264
2000,114.816
2001,122.528
2002,126.112
2003,123.232
2004,126.208
2005,113.472
2006,98.592
2007,108.544
2008,112.256
2009,121.248
2010,112.256
2011,124.608
2012,117.088
2013,123.84