1961,135.772123
1962,133.703353
1963,136.8098128
1964,135.1640501
1965,135.6068858
1966,135.1177836
1967,131.9121815
1968,132.2690939
1969,131.8064296
1970,133.0027471
1971,129.3410902
1972,126.0958311
1973,127.5102618
1974,125.6926523
1975,121.2642947
1976,121.6542545
1977,126.8625319
1978,128.6867508
1979,130.7819588
1980,129.4270136
1981,127.7349844
1982,127.4970428
1983,127.2326633
1984,125.5208056
1985,134.1527982
1986,133.4257544
1987,133.7628384
1988,134.1527982
1989,133.663696
1990,130.9009296
1991,128.1910392
1992,131.6213639
1993,133.1283274
1994,132.1236851
1995,134.0668749
1996,137.0080975
1997,141.8859004
1998,143.5911485
1999,146.7504843
2000,152.3685499
2001,149.4405463
2002,159.1102287
2003,154.139893
2004,154.0077032
2005,149.612393
2006,144.4239441
2007,144.490039
2008,145.0915025
2009,144.0075463
2010,141.0398858
2011,141.3240938
2012,142.394831
2013,144.6024003