1961,176.57838
1962,213.63804
1963,253.60434
1964,210.00474
1965,186.75162
1966,251.42436
1967,223.08462
1968,228.8979
1969,291.39066
1970,260.87094
1971,281.94408
1972,317.55042
1973,334.2636
1974,286.30404
1975,257.9643
1976,257.9643
1977,196.92486
1978,228.17124
1979,267.41088
1980,236.1645
1981,286.30404
1982,306.65052
1983,260.14428
1984,323.3637
1985,311.73714
1986,334.2636
1987,340.07688
1988,323.3637
1989,343.71018
1990,383.67648
1991,410.5629
1992,409.83624
1993,356.0634
1994,388.7631
1995,337.17024
1996,428.7294
1997,356.79006
1998,394.57638
1999,390.21642
2000,345.89016
2001,349.52346
2002,310.28382
2003,333.53694
2004,372.04992
2005,391.66974
2006,488.31552
2007,521.74188
2008,490.4955
2009,467.24238
2010,412.01622
2011,427.27608
2012,438.90264
2013,433.08936