1961,550.165
1962,545.545
1963,606.305
1964,586.53
1965,589.26
1966,602.98
1967,610.365
1968,619.78
1969,624.155
1970,631.75
1971,617.155
1972,599.83
1973,624.435
1974,631.575
1975,565.425
1976,540.295
1977,658.735
1978,627.515
1979,651
1980,643.335
1981,638.4
1982,676.62
1983,646.8
1984,649.915
1985,658.805
1986,670.39
1987,655.865
1988,686.945
1989,682.43
1990,679.14
1991,666.61
1992,684.46
1993,695.87
1994,663.39
1995,653.555
1996,674.135
1997,695.975
1998,698.11
1999,728.77
2000,737.065
2001,744.695
2002,744.275
2003,741.895
2004,742
2005,736.12
2006,702.695
2007,693.805
2008,693.49
2009,677.005
2010,673.05
2011,693.175
2012,681.31
2013,704.165