1961,0
1962,0
1963,0
1964,0
1965,0
1966,28.736
1967,33.664
1968,65.632
1969,75.84
1970,79.296
1971,58.528
1972,75.136
1973,282.208
1974,185.76
1975,320.928
1976,406.432
1977,314.016
1978,327.584
1979,268.96
1980,188.224
1981,208.96
1982,185.408
1983,226.24
1984,352.32
1985,243.584
1986,282.656
1987,251.968
1988,184.864
1989,192.192
1990,158.624
1991,176.416
1992,156.96
1993,164.8
1994,198.432
1995,158.688
1996,218.784
1997,232.96
1998,221.472
1999,225.792
2000,192.832
2001,199.328
2002,257.696
2003,231.52
2004,175.776
2005,95.424
2006,193.44
2007,193.92
2008,172.096
2009,123.136
2010,112.128
2011,142.784
2012,180.32
2013,238.72