1961,102.5131589
1962,100.6294548
1963,105.0181548
1964,101.2639656
1965,101.0392431
1966,100.9797577
1967,107.8536252
1968,105.9633116
1969,106.1748152
1970,106.280567
1971,94.56194482
1972,90.6623469
1973,128.2637241
1974,111.4293582
1975,117.1333463
1976,87.37743136
1977,104.7141184
1978,106.564775
1979,86.26042789
1980,80.93318056
1981,78.81153491
1982,82.61199051
1983,102.5329873
1984,99.42652798
1985,94.87920024
1986,102.7511004
1987,97.97244062
1988,106.6771363
1989,94.60821123
1990,78.32904229
1991,79.04947648
1992,89.5056865
1993,86.6966541
1994,85.18308134
1995,92.63197432
1996,97.05372179
1997,101.2904036
1998,111.4557961
1999,115.0249197
2000,118.2569593
2001,124.5161444
2002,122.6985352
2003,117.6554959
2004,119.7242656
2005,114.7671496
2006,119.1095832
2007,123.9807759
2008,114.9588248
2009,112.2753727
2010,111.1781976
2011,112.5992376
2012,113.4188141
2013,114.3970183