1961,30.345
1962,27.3
1963,24.395
1964,22.19
1965,20.37
1966,95.375
1967,143.92
1968,188.58
1969,269.29
1970,345.135
1971,295.96
1972,255.15
1973,300.125
1974,555.31
1975,500.85
1976,635.88
1977,638.855
1978,679.945
1979,709.24
1980,749.385
1981,830.41
1982,1032.92
1983,1141.735
1984,1041.04
1985,1028.02
1986,1107.82
1987,1049.545
1988,1025.465
1989,1060.465
1990,905.45
1991,940.485
1992,1117.06
1993,1171.73
1994,957.6
1995,958.44
1996,839.615
1997,804.44
1998,853.58
1999,1021.79
2000,1006.495
2001,705.11
2002,698.53
2003,612.29
2004,682.395
2005,535.08
2006,500.605
2007,398.755
2008,484.89
2009,322.56
2010,340.97
2011,316.785
2012,324.03
2013,298.97