1961,14352.921
1962,13861.532
1963,14092.472
1964,13433.01
1965,12992.941
1966,12832.566
1967,15049.59
1968,16160.668
1969,17947.887
1970,20214.948
1971,19038.437
1972,18831.874
1973,25484.229
1974,23109.396
1975,25771.621
1976,24528.394
1977,26928.887
1978,27453.634
1979,23675.199
1980,25117.291
1981,25304.609
1982,28195.208
1983,31833.796
1984,31259.012
1985,30858.716
1986,30294.196
1987,28478.751
1988,27253.486
1989,26291.236
1990,24125.532
1991,24149.909
1992,24715.712
1993,24940.237
1994,27706.385
1995,27624.273
1996,27916.797
1997,28210.604
1998,30650.87
1999,31741.42
2000,30235.178
2001,31257.729
2002,33096.268
2003,33629.996
2004,32157.112
2005,30568.758
2006,30511.023
2007,31886.399
2008,29746.355
2009,30353.214
2010,28557.014
2011,30067.105
2012,29487.189
2013,30463.552