1961,457.024
1962,411.424
1963,370.592
1964,338.496
1965,313.568
1966,363.712
1967,364.608
1968,376.576
1969,383.232
1970,368.032
1971,330.624
1972,325.28
1973,456.992
1974,550.112
1975,436.672
1976,646.912
1977,568.736
1978,578.272
1979,633.12
1980,689.216
1981,577.024
1982,643.36
1983,592.512
1984,696.64
1985,577.44
1986,548.32
1987,633.088
1988,595.712
1989,560.992
1990,564.352
1991,540.288
1992,573.664
1993,547.872
1994,521.44
1995,470.048
1996,481.248
1997,408.704
1998,374.528
1999,449.248
2000,456.512
2001,371.264
2002,491.808
2003,485.792
2004,408.352
2005,339.776
2006,364.16
2007,408.128
2008,473.728
2009,446.72
2010,388.48
2011,352.416
2012,339.168
2013,424.512