1961,113.568
1962,114.88
1963,114.048
1964,109.024
1965,109.6
1966,96.832
1967,111.488
1968,124.224
1969,129.888
1970,132.32
1971,135.456
1972,145.44
1973,142.528
1974,137.44
1975,125.248
1976,104.736
1977,116.352
1978,118.56
1979,122.08
1980,113.728
1981,116.352
1982,117.472
1983,122.4
1984,119.68
1985,115.104
1986,120.992
1987,126.24
1988,117.984
1989,109.536
1990,111.072
1991,108.992
1992,101.024
1993,115.2
1994,107.296
1995,117.856
1996,117.12
1997,113.216
1998,111.808
1999,104.96
2000,114.784
2001,116.256
2002,117.632
2003,120.384
2004,120.224
2005,127.616
2006,118.624
2007,102.048
2008,103.456
2009,108.96
2010,124.416
2011,110.08
2012,114.464
2013,117.12