1961,0
1962,0
1963,0
1964,0
1965,0
1966,3.96
1967,5.28
1968,5.544
1969,11.616
1970,5.544
1971,15.312
1972,2.376
1973,7.392
1974,23.76
1975,24.288
1976,60.192
1977,32.472
1978,37.488
1979,60.192
1980,150.744
1981,151.272
1982,114.84
1983,53.592
1984,96.888
1985,48.048
1986,48.576
1987,97.944
1988,99
1989,214.896
1990,118.272
1991,173.976
1992,154.44
1993,191.664
1994,132.264
1995,99.264
1996,90.024
1997,92.136
1998,93.192
1999,87.912
2000,118.008
2001,110.088
2002,87.12
2003,107.448
2004,118.008
2005,140.448
2006,140.448
2007,130.944
2008,154.704
2009,224.4
2010,214.104
2011,247.104
2012,238.656
2013,197.736