1961,0
1962,0
1963,0
1964,0
1965,0
1966,239.07114
1967,382.22316
1968,200.55816
1969,308.8305
1970,139.51872
1971,250.6977
1972,207.0981
1973,334.2636
1974,351.70344
1975,268.13754
1976,287.0307
1977,303.01722
1978,278.31078
1979,201.28482
1980,273.95082
1981,264.50424
1982,261.5976
1983,292.11732
1984,308.8305
1985,270.31752
1986,116.99226
1987,225.99126
1988,187.47828
1989,228.17124
1990,129.34548
1991,177.30504
1992,221.6313
1993,198.37818
1994,301.5639
1995,231.07788
1996,420.00948
1997,185.2983
1998,233.98452
1999,259.41762
2000,278.31078
2001,260.87094
2002,299.38392
2003,297.20394
2004,257.9643
2005,132.25212
2006,270.31752
2007,309.55716
2008,282.67074
2009,210.00474
2010,152.5986
2011,199.10484
2012,217.998
2013,273.95082