1961,23.7196
1962,23.9058
1963,24.4834
1964,25.2966
1965,25.707
1966,26.6532
1967,27.0712
1968,28.1884
1969,29.1308
1970,30.7534
1971,31.2322
1972,32.015
1973,33.3374
1974,34.656
1975,34.8764
1976,35.8226
1977,37.0424
1978,38.0912
1979,39.6796
1980,41.2186
1981,41.4466
1982,41.002
1983,41.1768
1984,40.5574
1985,40.5004
1986,40.3978
1987,40.7094
1988,40.812
1989,39.254
1990,39.4782
1991,38.9082
1992,38.0608
1993,38.2242
1994,37.8822
1995,37.145
1996,36.9474
1997,36.8068
1998,36.6966
1999,36.6434
2000,36.8524
2001,36.689
2002,36.9702
2003,35.7124
2004,35.9594
2005,35.6934
2006,35.9518
2007,35.7504
2008,35.0854
2009,34.2836
2010,33.8694
2011,33.4058
2012,34.0138
2013,33.212