1961,28057.914
1962,27908.424
1963,28441.152
1964,28907.289
1965,28464.255
1966,28901.853
1967,29420.991
1968,29638.431
1969,29518.839
1970,29914.308
1971,30184.749
1972,30187.467
1973,29323.143
1974,29824.614
1975,29645.226
1976,31034.124
1977,30569.346
1978,30544.884
1979,30790.863
1980,30559.833
1981,31136.049
1982,30794.94
1983,31255.641
1984,31918.833
1985,32639.103
1986,32720.643
1987,34017.129
1988,34356.879
1989,34310.673
1990,34776.81
1991,35151.894
1992,35781.111
1993,36176.58
1994,36442.944
1995,37356.192
1996,36123.579
1997,36226.863
1998,36759.591
1999,37206.702
2000,37239.318
2001,36884.619
2002,37218.933
2003,37439.091
2004,37898.433
2005,37606.248
2006,37864.458
2007,37743.507
2008,36898.209
2009,35915.652
2010,36162.99
2011,35569.107
2012,35574.543
2013,35613.954