1961,116.32
1962,109.696
1963,106.048
1964,118.72
1965,110.176
1966,108.832
1967,98.976
1968,108.8
1969,121.536
1970,113.568
1971,118.592
1972,105.152
1973,110.368
1974,113.632
1975,119.648
1976,117.76
1977,115.168
1978,121.216
1979,130.752
1980,133.888
1981,125.44
1982,128.96
1983,140.032
1984,149.344
1985,157.792
1986,163.584
1987,182.112
1988,160.192
1989,153.632
1990,155.36
1991,152.032
1992,152.576
1993,155.04
1994,169.568
1995,150.624
1996,155.232
1997,163.136
1998,160.064
1999,165.28
2000,162.4
2001,155.392
2002,148.896
2003,164.608
2004,173.472
2005,173.92
2006,182.752
2007,187.904
2008,184.608
2009,177.152
2010,168
2011,143.904
2012,160.16
2013,170.624