1961,850.208
1962,821.76
1963,825.824
1964,826.688
1965,813.376
1966,811.392
1967,785.792
1968,786.048
1969,786.176
1970,776.832
1971,781.6
1972,787.296
1973,788.896
1974,760.288
1975,740.992
1976,767.84
1977,766.176
1978,767.104
1979,774.24
1980,762.848
1981,765.728
1982,779.36
1983,793.696
1984,789.6
1985,818.592
1986,823.008
1987,840.224
1988,813.408
1989,803.424
1990,821.44
1991,821.504
1992,833.6
1993,817.632
1994,828.864
1995,831.84
1996,815.84
1997,808.672
1998,805.792
1999,813.664
2000,822.08
2001,831.936
2002,841.504
2003,834.976
2004,823.136
2005,825.184
2006,811.616
2007,825.312
2008,810.848
2009,821.44
2010,805.472
2011,800.224
2012,819.264
2013,815.008