1961,185.856
1962,189.816
1963,198.264
1964,223.08
1965,212.52
1966,250.272
1967,251.856
1968,264.792
1969,312.312
1970,332.376
1971,329.736
1972,350.064
1973,341.352
1974,375.408
1975,372.504
1976,448.008
1977,408.936
1978,438.504
1979,449.856
1980,451.176
1981,456.72
1982,480.744
1983,486.552
1984,483.384
1985,524.832
1986,512.424
1987,496.32
1988,525.888
1989,484.44
1990,520.872
1991,533.544
1992,546.48
1993,554.664
1994,579.216
1995,569.712
1996,547.008
1997,566.808
1998,573.936
1999,579.744
2000,658.152
2001,598.224
2002,629.376
2003,624.624
2004,615.12
2005,636.768
2006,623.832
2007,631.224
2008,644.688
2009,680.592
2010,680.064
2011,703.824
2012,700.392
2013,697.224