1961,146.368
1962,146.88
1963,141.376
1964,145.504
1965,145.824
1966,145.664
1967,148.448
1968,149.568
1969,152.352
1970,154.208
1971,155.264
1972,155.872
1973,153.76
1974,145.952
1975,136.192
1976,142.688
1977,144.16
1978,139.776
1979,136.8
1980,128.384
1981,121.92
1982,113.216
1983,108
1984,102.4
1985,92.192
1986,92.416
1987,95.744
1988,95.104
1989,96.128
1990,98.592
1991,97.696
1992,99.104
1993,98.624
1994,99.52
1995,99.648
1996,100.832
1997,103.936
1998,103.84
1999,105.792
2000,99.168
2001,97.184
2002,103.36
2003,104.736
2004,107.648
2005,108.448
2006,104.864
2007,95.872
2008,94.816
2009,93.792
2010,93.088
2011,97.728
2012,99.04
2013,101.472