
1961,89.65109523
1962,86.66360666
1963,88.38207354
1964,88.97031797
1965,87.74756269
1966,89.79650397
1967,87.47657368
1968,88.06481811
1969,88.39529251
1970,88.46138739
1971,87.31794597
1972,87.16592774
1973,87.81365757
1974,87.66163934
1975,90.41118635
1976,92.22218606
1977,90.57642355
1978,89.07606978
1979,90.68878485
1980,89.16199312
1981,90.34509147
1982,91.64716061
1983,91.75291242
1984,94.17198502
1985,97.25200643
1986,99.92884907
1987,103.0088705
1988,103.1542792
1989,104.1655309
1990,107.4967128
1991,110.7684094
1992,111.1385407
1993,114.2383906
1994,115.5536787
1995,120.4380903
1996,117.2985835
1997,116.5979778
1998,116.8160909
1999,114.3243139
2000,116.8028719
2001,115.4545364
2002,112.4075624
2003,115.2099853
2004,113.2205294
2005,110.1338985
2006,109.1689133
2007,108.4683076
2008,105.0578118
2009,104.383644
2010,103.4186587
2011,103.1344508
2012,105.9699211
2013,102.9692136