1961,638.73414
1962,640.91412
1963,633.64752
1964,630.01422
1965,624.9276
1966,614.75436
1967,622.74762
1968,630.74088
1969,600.22116
1970,583.50798
1971,566.06814
1972,602.40114
1973,593.68122
1974,548.6283
1975,518.10858
1976,549.35496
1977,430.18272
1978,475.23564
1979,492.67548
1980,459.97578
1981,457.7958
1982,449.07588
1983,443.2626
1984,486.8622
1985,493.40214
1986,490.4955
1987,488.31552
1988,473.05566
1989,498.48876
1990,519.5619
1991,494.85546
1992,505.0287
1993,495.58212
1994,437.44932
1995,433.08936
1996,467.24238
1997,443.2626
1998,481.77558
1999,493.40214
2000,502.84872
2001,465.78906
2002,441.08262
2003,495.58212
2004,496.30878
2005,541.3617
2006,545.72166
2007,492.67548
2008,479.5956
2009,489.76884
2010,486.13554
2011,502.12206
2012,481.04892
2013,502.12206