1961,514.78
1962,520.835
1963,504.105
1964,498.645
1965,502.6
1966,515.445
1967,521.045
1968,556.955
1969,521.885
1970,533.75
1971,541.135
1972,543.76
1973,537.495
1974,556.395
1975,571.41
1976,556.99
1977,577.29
1978,572.915
1979,580.195
1980,541.345
1981,544.88
1982,581.42
1983,556.43
1984,590.03
1985,593.495
1986,582.96
1987,597.66
1988,565.81
1989,617.96
1990,609.735
1991,615.3
1992,603.155
1993,611.205
1994,671.37
1995,646.03
1996,663.6
1997,653.555
1998,642.075
1999,691.075
2000,692.3
2001,664.965
2002,681.03
2003,682.99
2004,697.55
2005,645.54
2006,648.725
2007,653.1
2008,601.02
2009,624.785
2010,613.97
2011,605.675
2012,624.015
2013,595.035