1961,341.635
1962,361.27
1963,396.445
1964,367.815
1965,356.895
1966,404.88
1967,392
1968,390.635
1969,436.345
1970,395.185
1971,421.96
1972,425.215
1973,380.38
1974,371.035
1975,397.075
1976,374.78
1977,393.89
1978,438.34
1979,407.925
1980,419.545
1981,418.775
1982,437.185
1983,428.645
1984,472.08
1985,474.46
1986,455.42
1987,469.945
1988,483.21
1989,498.085
1990,516.67
1991,501.13
1992,490.07
1993,469.035
1994,508.13
1995,488.11
1996,535.675
1997,519.96
1998,535.955
1999,522.585
2000,531.685
2001,571.34
2002,538.72
2003,508.165
2004,553.49
2005,539.63
2006,538.895
2007,546.28
2008,588.945
2009,532.07
2010,539.945
2011,523.11
2012,556.605
2013,557.48